21;2321
21;3635
315;64
3709;64
7715;64
1591;98
3242;98
8267;98
8491;98
4033;109
5263;120
1334;178
178;7667
178;7916
4962;206
5922;206
4046;213
224;6256
8182;224
251;6372
251;8567
261;6456
389;272
290;64
4482;315
315;6810
416;326
331;7118
346;6605
481;386
5598;386
8494;386
7118;391
7531;391
7191;409
1863;416
2196;416
416;6104
8426;481
517;713
517;2517
2361;536
7422;536
540;1254
540;2162
543;2686
543;4012
543;8621
7399;554
2982;566
566;4035
8060;588
612;6305
7889;643
3666;647
647;5005
4817;652
193;657
657;3805
1934;685
3742;712
715;4004
746;386
746;5598
4404;778
790;7184
820;7791
999;848
848;4663
872;4495
5363;872
872;8343
872;8388
876;1158
876;2026
3597;885
7811;885
894;352
923;193
2575;923
3990;923
6239;923
942;6801
999;6984
6346;1005
1017;942
1313;1017
3458;1017
1057;3617
5318;1072
7797;1072
1158;4208
8603;1158
1172;712
2261;1172
5211;1172
5893;1187
2663;1244
4962;1244
1244;5922
1249;4267
6399;1249
1253;1994
2979;1253
1253;3130
3395;1253
1254;8057
3597;1305
1324;2528
1324;7378
3395;1325
7899;1354
1383;4082
1439;4676
1466;246
1466;5297
1466;6632
3742;1482
326;1512
923;1512
2714;1512
1528;5420
409;1539
3983;1540
1540;5210
1591;1852
5100;1591
923;1594
1702;712
1710;8214
1723;4570
6335;1743
193;1745
1759;125
1759;3983
8580;1768
1782;346
6649;1782
5922;1811
3502;1832
4492;1837
5930;1837
1305;1852
5897;1852
7250;1852
1852;7638
125;1860
1540;1860
1704;1860
1860;6268
326;1863
2959;1863
8311;1863
1880;6281
122;1888
1005;1963
1963;8152
1984;8605
1992;8239
7547;1994
3113;2026
2043;4822
2047;848
2047;6801
7604;2047
2060;2261
7013;2060
8278;2073
4094;2162
4779;2196
6875;2196
6881;2196
2221;1244
2229;3668
1528;2237
2295;1187
4664;2295
4679;2295
5893;2295
6691;2295
3441;2299
2321;2596
2321;3042
4931;2334
2361;4982
2416;4082
2434;780
657;2436
3441;2457
4577;2479
6239;2479
2517;2528
5560;2567
6625;2567
2416;2581
3157;2596
3464;2596
2632;4609
2644;1880
6281;2649
2649;7417
3115;2684
1704;2689
2714;5365
2714;7638
2068;2724
2757;6518
2768;3515
6410;2768
2778;3363
2799;7186
7955;2799
2751;2804
2804;5013
8501;2841
2848;1811
5730;2851
2799;2867
2867;2847
2867;5254
6008;2867
6059;2867
933;2883
2890;2867
5013;2890
5119;2890
6362;2890
2901;4862
3464;2924
3829;2924
2924;7604
7889;2929
2959;2689
2972;7378
4502;2979
2596;3042
3157;3042
3077;7768
1305;3115
612;3117
1098;3117
3129;7417
2485;3130
7547;3130
7886;3157
1354;3186
4817;3186
6474;3186
2796;3196
6495;3196
790;3229
2751;3229
6156;3229
6815;3229
331;3242
3242;391
1244;3271
6521;3271
4725;3287
3292;4732
3293;8028
3318;4862
503;3330
7822;3330
3344;4171
7545;3344
2485;3395
3446;503
3458;4037
3464;8000
3469;7696
2073;3476
3479;1782
2910;3494
3494;6844
3515;7023
6118;3561
1466;3591
1963;3591
2799;3602
4672;3608
3608;4982
5951;3608
3859;3614
4962;3614
3617;4996
3635;3905
4663;3635
6388;3648
5156;3658
3709;4931
3709;7591
3723;790
3742;5063
3762;1745
3762;7266
3762;8248
780;3805
1057;3805
3816;3077
3816;5089
3822;1324
2567;3824
8366;3824
3829;122
3829;1888
3829;3042
3464;3829
3862;3829
3841;1466
3841;7666
5100;3855
4962;3859
7852;3859
3905;3862
7118;3862
1743;3879
4822;3879
4146;3917
3917;4665
963;3928
125;3983
5210;3983
6844;4004
4012;6988
2632;4019
213;4037
6801;4037
6834;4038
4046;685
1863;4063
2610;4082
4609;4082
540;4094
4096;4218
4369;4158
4158;5254
4160;3190
5170;4171
7741;4171
3597;4208
8603;4208
4267;1539
3229;4286
6889;4286
8278;4286
894;4304
5893;4331
4334;1100
652;4343
1984;4343
6376;4343
4394;1970
4410;8388
4413;8214
4422;6811
780;4427
4427;2567
5321;4472
4472;7917
498;4482
4492;2038
4492;3635
4410;4495
4502;1253
4502;7547
8553;4570
1466;4577
3990;4577
7545;4577
3980;4609
6008;4609
4719;4646
3841;4665
8239;4665
8580;4676
8267;4679
8349;4679
7769;4697
2457;4710
8577;4710
7362;4717
4719;2714
5228;4732
4776;4646
4776;7796
3229;4781
4796;1157
7811;4822
8375;4826
331;4850
4914;536
4914;3515
4914;8494
4931;64
349;4931
6810;4931
4996;4962
4982;6410
3762;4996
4996;5993
4996;7279
4676;5013
6256;5044
3269;5085
5097;5210
790;5119
3229;5119
5144;4665
3287;5156
5156;5417
11;5164
5191;1782
5191;4577
8079;5194
5205;4274
125;5210
1759;5210
5210;1860
5211;1953
5211;6449
7758;5228
5228;7776
3515;5260
5085;5263
5287;6388
5363;872
4410;5363
5401;7667
7229;5424
1466;5435
2841;5435
5435;4171
5472;7796
5528;4931
5528;8605
8062;5531
8084;5531
2346;5541
3727;5560
6521;5560
6720;5560
481;5598
5541;5598
1934;5660
5660;7318
7640;5693
2068;5746
7729;5750
4719;5833
7447;5833
125;5876
5876;1759
5876;1860
6268;5876
5886;3515
8426;5886
5893;1187
5893;2295
6939;5922
3287;5930
3709;5950
5995;715
6008;515
1530;6008
1466;6054
6110;2479
6118;517
1324;6118
6125;4422
6156;4286
5044;6156
6156;7184
8580;6156
3622;6224
6230;1811
894;6235
963;6235
6371;6235
2836;6239
6239;3591
3879;6239
7447;6239
8182;6256
6268;5210
6275;1180
6641;6275
6281;3117
6305;4037
6335;1383
6341;7279
6341;8214
193;6346
2436;6346
6346;5472
5156;6347
6371;352
6376;4462
6376;6235
6388;4679
7134;6388
6456;2457
942;6474
6376;6474
6495;4181
3330;6506
3217;6518
2567;6521
6521;3805
1076;6548
7038;6548
6574;2986
6588;4286
3345;6605
7279;6625
8245;6625
6632;5018
7822;6632
6639;6891
6649;7118
6691;2295
4331;6691
599;6708
6729;8287
7889;6786
6786;8612
1383;6801
5528;6810
6463;6834
7266;6834
7279;6834
685;6842
6256;6870
7378;6870
3342;6881
6889;2804
6894;4584
6896;3318
6984;2047
8612;6984
6994;5018
331;7023
1158;7023
1439;7023
7023;3113
3602;7023
1528;7056
7056;7193
4413;7107
3292;7108
7108;4732
7108;7758
7118;3242
3905;7118
5324;7118
4015;7134
7136;7461
3766;7145
7378;7178
7023;7186
5401;7191
7193;2883
7193;6372
6875;7228
7229;4286
923;7238
2581;7238
7228;7238
3187;7250
7250;3461
8120;7250
7266;3614
7266;4996
331;7306
1888;7306
2924;7306
4218;7306
7306;5435
885;7318
7322;55
7338;7378
7360;780
7360;2434
2714;7360
7360;4570
7399;6118
7399;6256
7416;2332
7417;206
7417;4996
7422;2361
1512;7447
1530;7461
6305;7461
6500;7513
7515;7178
7515;7917
7531;98
4776;7531
5617;7545
7306;7545
8501;7545
7547;1253
7547;2979
7547;3395
7591;870
2724;7591
7604;848
6399;7624
6463;7638
7318;7638
1747;7640
7640;7614
7973;7666
7667;6574
7672;3602
7672;7023
4160;7696
7729;2910
7729;4004
2361;7768
7787;5044
7787;7768
6568;7791
7796;1286
7796;4719
3963;7797
6474;7797
2610;7811
7816;476
933;7822
7845;8120
7847;2714
1683;7865
7865;3602
4369;7865
4492;7886
7889;5897
346;7890
1439;7890
7890;1723
870;7897
7916;6500
1076;7925
7939;76
5009;7939
4826;7943
5994;7943
8214;7953
21;8000
4663;8000
7306;8000
8033;773
8033;6506
7193;8033
6729;8046
4094;8057
8062;98
8062;3117
8062;3591
98;8084
6948;8084
7925;8097
7228;8152
8177;8046
8210;8046
3293;8214
8214;3523
8214;4238
6112;8214
4495;8216
8216;5363
8388;8216
8245;7417
2567;8248
8248;4996
8248;7279
8248;8066
5287;8267
8267;7107
8275;3362
904;8287
7683;8287
8046;8287
8177;8287
8299;1811
2663;8299
8311;1759
4063;8311
2849;8341
872;8343
8216;8343
4664;8349
8357;6815
8366;657
8366;2436
8366;5472
2141;8375
8388;872
8388;1594
4410;8388
2299;8395
331;8447
8460;3668
8477;4931
8477;6388
5435;8491
8062;8491
8494;481
346;8501
7890;8501
4996;8553
2299;8580
8580;5119
8585;5875
876;8603
498;8605
7899;8605
8612;4584
5897;8612
2332;8621
5187;76
114;1188
4257;114
114;6982
1188;173
2203;952
952;2513
1075;1397
1098;4679
1105;1782
1581;1188
1188;7201
1211;8277
1373;4570
1379;1374
1397;1782
1397;6040
3815;1408
5057;1408
1548;7076
8074;1548
8369;1548
4388;1581
5193;1581
4679;1594
1594;5598
3655;1657
1657;3983
4388;1661
7351;1661
1683;902
1683;7312
1697;7460
4847;1700
7108;1700
290;1736
6305;1736
1811;6850
7638;1863
2724;2068
4952;2068
2105;5193
2513;2203
3815;2203
7646;2203
1188;2301
2105;2301
173;2326
3680;2339
2513;5057
2513;7646
2867;1512
2918;3582
2918;7890
3983;2959
5692;3085
5347;3361
952;3404
3404;1408
4570;3488
4952;3502
3502;8341
3582;6944
8349;3582
3983;3655
5140;3655
952;3815
3815;3404
3815;5057
8074;3980
3983;2696
6096;3983
8311;3983
4037;4194
4257;290
4847;4257
4257;6982
4952;4286
5420;4286
4388;7201
5852;4399
5082;4413
7351;4468
3085;4481
7545;4484
4570;8605
3680;4577
4719;6602
76;4734
4734;7616
1331;5050
1736;5050
952;5057
5057;2203
3404;5057
1045;5082
7228;5082
5140;1903
8311;5140
5187;4679
5191;7559
8365;5191
5193;2301
5193;4388
7351;5193
5347;3361
5466;76
1075;5472
7796;5472
5539;3488
5539;4484
5692;4370
5692;4468
5774;5347
5852;3912
5852;7504
2329;6040
6096;1657
6181;173
7954;6181
290;6305
6305;1782
114;6346
6346;1782
7890;6346
6602;1373
6305;6745
5287;6770
7228;6850
2626;6862
6226;6862
1863;6944
6982;7108
7954;6982
6983;8330
7076;914
290;7108
5539;7108
7108;6602
7201;5193
7201;7351
8369;7228
7312;4481
2301;7351
2339;7616
4413;7638
952;7646
7646;3404
3815;7646
5057;7646
1045;7890
4092;7890
7890;7076
5539;7954
1512;8121
4734;8121
6602;8121
8277;1397
6745;8277
76;8287
4679;8287
8311;1657
1903;8311
4370;8330
8330;7312
2724;8341
1379;8349
8369;2329
8415;4719
8438;8369
1211;8553
3085;8553
8553;7076
1188;8605
3744;386
65;540
4455;540
6887;595
5193;943
952;1321
5193;1045
1207;1095
5349;1095
1207;1425
5349;1207
6385;1207
1254;1048
1095;1321
6404;1321
8086;1388
1425;1321
1425;6385
2497;1617
1617;7646
6669;1693
1980;7761
2091;6586
2091;8433
7366;2196
1045;2339
4671;2339
7453;2354
7292;2416
2497;2513
2497;7646
2513;2497
7761;2581
2593;3242
2230;2631
2679;4732
2679;8433
7207;3013
952;3147
1321;3147
4877;3242
6965;3523
3678;6212
8553;3744
7248;3870
6151;3995
3995;7453
2679;4307
4307;8433
2593;4343
4419;3242
4343;4419
4455;1048
4671;943
4671;1045
5193;4671
943;4732
4732;2091
5402;4732
4732;8592
2593;4877
5118;2230
5193;2339
5349;1425
5349;3147
5349;6385
5402;2091
2679;5402
4307;5402
7016;5445
827;5498
5498;1388
5899;595
5899;6040
8433;6125
6151;1920
2196;6212
6385;952
952;6404
6404;5349
6385;6404
5498;6579
6125;6586
6586;8433
7418;6772
7619;6808
5899;6926
2497;7087
7248;2182
7346;4455
7346;7587
7351;1045
4671;7351
3678;7366
1785;7453
1254;7587
349;7610
7248;7619
2196;7638
7638;7366
7646;1617
2497;7646
7646;2513
1980;7761
7610;7761
8177;386
1126;8214
2631;8214
8137;8214
8283;2581
4732;8433
8447;4286
8447;4343
4877;8447
386;8553
4734;8553
8177;8553
2679;8592
4307;8592
5402;8592
8592;6586
45;2472
45;6647
3292;128
128;4375
158;5403
2038;187
2196;193
2256;193
226;2436
5193;428
534;1730
534;8133
6275;557
598;4194
3782;813
813;5287
876;7467
920;5435
943;1045
2084;943
4671;943
5331;943
946;918
946;7001
876;1158
1786;1158
7467;1158
1246;1481
1273;5108
1736;1397
3728;1397
2038;1455
1474;8287
1246;1481
3564;1529
128;1568
4842;1568
1581;943
1581;4671
1581;4732
1594;3902
6388;1594
1594;7953
3672;1697
226;1730
1736;1397
2518;1768
5380;1786
4127;1850
7444;2030
8616;2038
4354;2059
2030;2093
2093;5614
3614;2196
2256;1768
2256;3614
7848;2295
2301;4732
2301;7351
2313;1568
2339;4194
6993;2339
2344;3479
8486;2395
3260;2416
2434;1786
2434;7467
534;2436
2436;8133
2463;6801
6073;2472
4664;2479
2518;2196
2256;2518
2619;327
5975;2619
3472;2623
3672;2626
3990;2683
6468;2683
2878;1273
2099;3047
2256;3113
2518;3113
3222;3980
2313;3292
7444;3292
3320;5854
3320;6015
2436;3358
2626;3472
4503;3493
432;3518
3522;5062
3522;6125
1960;3555
327;3564
3590;5050
8018;3590
3614;193
5971;3635
6339;3672
3672;7460
8018;3728
3782;4047
4194;3902
3918;1529
3918;5975
3292;3980
5287;3980
3980;5445
7667;4037
4047;260
4090;2059
4092;1158
5380;4092
2344;4114
5960;4116
7667;4116
2030;4127
4179;432
4179;1273
4179;7943
2339;4194
8121;4194
3113;4208
3518;4244
4354;3320
2038;4375
1568;4399
946;4406
4406;4537
3222;4413
4548;4503
4503;5062
8486;4503
4537;918
2395;4548
4548;3522
4548;6125
8486;4548
4671;2084
7351;4671
4671;8592
45;4699
432;4699
4732;2084
5287;4732
5331;4732
4842;3980
3222;4847
4092;4850
5062;3493
5062;6125
5155;3479
2463;5170
6801;5170
428;5193
5193;2574
2093;5287
4842;5287
5331;2084
2434;5380
5380;7467
5403;158
920;5435
5971;5435
5495;5508
5531;158
5697;7943
5713;1591
7001;5831
7667;5960
557;5971
5971;5435
6946;5995
8267;6049
2059;6061
5495;6073
4116;6089
6089;7667
4503;6125
1591;6212
5971;6275
1697;6339
2626;6339
6388;1594
3574;6463
6270;6468
8324;6647
4847;6745
6745;8214
4179;6790
6212;6790
6647;6790
4116;6834
7375;6962
4406;7001
7112;4019
4699;7168
7168;6212
4732;7351
7351;8592
2717;7412
5108;7412
7992;7412
7425;2059
3320;7425
7444;4375
174;7467
1786;7467
4847;7628
5445;7628
7667;1286
3362;7667
1594;7715
7953;7715
1594;7848
2283;7848
2295;7848
8121;7848
2717;7943
2878;7943
3902;7953
7848;7953
2717;7992
8018;5050
8018;5108
8046;5614
7444;8046
1594;8059
4413;8214
6049;8267
1474;8287
7953;8287
2344;8304
8304;5155
1960;8324
1850;8349
8349;4847
8592;1581
5331;8592
1683;98
2059;98
1640;189
189;1779
1431;254
254;1965
6125;349
534;7638
609;2781
7010;609
4346;782
788;4850
3268;856
4923;870
872;8616
918;788
918;5030
2301;943
4438;952
1932;971
5955;971
998;3155
5623;1037
1075;2581
1148;1469
3225;1148
5955;1164
4779;1178
7416;1178
6849;1187
1785;1397
2581;1397
6029;1419
7641;1419
1468;6268
1474;6346
1474;8021
1477;3518
1477;4920
1509;2332
6778;1509
5602;1512
1538;4899
1581;213
4484;1581
5602;1594
6171;1594
1594;6962
6697;1640
1468;1657
5210;1657
1661;4732
7518;1697
1752;5050
1468;1759
1779;1932
1779;6850
5331;1799
1826;3678
1759;1860
5145;1870
1431;1965
6512;1965
5872;2013
7968;2026
2059;4201
4671;2059
6421;2059
3268;2099
5618;2108
6685;2238
1736;2295
1419;2332
7641;2332
8553;2332
2536;6049
2238;2599
1965;2623
8246;2683
1870;2781
3091;2781
2781;5855
2884;2013
6473;2938
2997;918
3039;6631
5145;3091
6113;3091
7010;3091
3155;2683
3166;1932
7403;3166
2997;3184
5623;3184
3184;7479
5618;3220
1037;3225
3225;3268
3516;3246
3268;6962
3362;98
4201;3362
6914;3362
1932;3377
2108;3377
3574;5942
3580;1178
3580;6119
3614;8415
3663;8133
7366;3678
1178;3744
3580;3744
1594;3798
6829;3909
870;3963
3963;6054
3971;6165
7053;3971
8240;3997
5470;4019
4201;5602
1964;4288
7053;4288
5030;4331
4346;1512
4346;2866
8553;4346
4379;1964
3361;4379
6685;4379
4416;7518
4438;4618
1075;4484
2203;4618
4694;5614
6125;4732
4734;8341
4842;4671
4288;4850
4899;1512
4920;3997
5801;4920
1863;5018
5050;7228
5145;5855
5145;7010
6268;5210
5248;7948
5254;1855
5270;4484
5277;7414
5310;3909
720;5333
2099;5342
5403;5618
5470;7112
4379;5482
8341;5552
1683;5602
1509;5614
5731;8488
5781;3516
5781;3785
4348;5781
5801;856
1870;5855
6113;5855
2957;5872
1397;5942
6914;5950
1135;5955
3246;5955
3377;5955
6017;5955
5955;6038
2479;5960
4779;5960
6196;5960
189;6017
3039;6029
3909;6029
1178;6038
7416;6038
1509;6040
7414;6040
720;6049
609;6113
6113;2781
1779;6119
2938;6119
1377;6125
6125;1397
6125;5248
6171;8287
6196;3166
8488;6202
6257;4842
6268;1903
6849;6364
6473;6631
2626;6512
918;6609
6685;1469
7002;6685
4850;6691
6040;6697
6740;4082
6740;8341
6829;1474
6829;6631
6844;7968
788;6849
1863;6850
6914;3785
6473;6914
6934;7119
3614;6962
3971;6962
7002;2683
5254;7002
7010;5855
1468;7038
150;7107
1752;7112
7228;7112
7354;7414
1135;7364
872;7366
7366;2599
7577;7366
7403;3619
189;7414
7416;4679
856;7447
1164;7447
3580;7461
3184;7467
7467;8246
4850;7479
7483;3574
1965;7518
7518;6512
1752;7577
943;7638
7641;5602
1826;7943
3997;7943
534;7948
3744;7948
4842;7948
6239;7948
2301;7968
7362;7968
8121;2479
6171;8121
1799;8133
2599;8190
8210;4073
8246;4019
6647;8246
8277;4082
158;8287
1512;8287
6239;8287
8324;6647
3258;8325
5731;8325
6017;8553
8567;2866
7628;8616
8246;8616
1;76
213;76
129;963
4509;213
5140;213
272;4907
3523;349
2760;376
7087;376
7807;428
2510;587
5080;596
610;392
610;1025
610;5658
553;683
7163;683
5091;699
1645;757
757;5059
4343;975
8351;1029
3491;1126
1156;757
1304;2038
2086;1304
2095;1347
1347;2576
1468;3983
1468;4427
1500;4381
4346;1538
1156;1645
1645;5357
4045;1657
1657;5199
1759;4427
2388;2000
2000;2525
2000;7163
2038;638
2038;2086
2086;5417
2095;6910
2095;6953
2000;2166
2166;8569
6472;2182
2211;3867
2360;2590
2360;7453
2360;7859
5091;2362
1513;2388
2388;8545
3770;2402
2402;4785
5995;2402
2433;4045
6096;2433
2497;376
8348;2497
3867;2510
2362;2581
5848;2590
2629;1468
638;2640
5257;2640
6656;2684
5311;2760
2836;76
2182;2847
3488;2847
4832;2850
3324;2895
2979;2402
2979;5080
8537;2979
3297;699
2362;3297
3297;3491
3297;3523
2000;3329
2388;3329
3329;6935
4590;3420
3491;2362
3491;3523
5091;3523
5080;3564
3564;5690
1730;3614
3614;7364
3859;3622
3718;7023
3770;596
3770;2979
3770;3564
3614;3909
4427;3983
4723;3983
8288;3983
5505;4019
4227;4045
5199;4045
4045;6406
7758;4045
8311;4045
4083;428
4083;6219
4083;7807
4149;2895
4227;2433
4227;7758
2211;4343
7966;4343
4343;8255
4346;2609
4083;4346
7807;4346
4359;1025
5848;4585
1029;4590
4590;5244
1126;4628
4628;2581
3297;4628
3491;4628
1468;4723
1860;4723
2629;4723
3770;4785
4785;5080
5690;4785
7582;4832
4832;7979
1926;4842
3614;4946
5005;213
1156;5059
5059;2805
5070;5009
5070;6410
5080;2402
5091;2581
5091;3297
2182;5140
5199;7758
8311;5199
2086;5257
610;5310
5658;5310
1207;5311
5311;2497
1127;5329
2805;5357
5364;4842
5415;3523
5415;4015
3436;5563
4019;5563
5658;1025
5690;2979
3770;5690
5690;6150
6077;3225
6096;4045
6096;5199
6406;6096
6096;7758
2979;6150
6150;3564
6150;4785
5995;6150
3622;6203
6203;3859
6203;5009
428;6219
6219;4346
6203;6410
6462;610
6472;213
3477;6656
6850;1730
7979;6910
1347;6944
6944;6953
8347;6944
6953;1347
6910;6953
3614;6997
6997;4946
6997;5602
6850;6997
5311;7087
8348;7087
1513;7163
1730;7364
6997;7364
4585;7453
7582;6910
7679;7966
7758;2433
7807;1538
4585;7859
5848;7859
7886;1148
7949;2510
7966;587
975;8255
8288;4723
8311;1657
2433;8311
8311;4227
1860;8337
2629;8337
2850;8347
8348;376
8448;963
8537;2402
8545;683
1388;8569
114;4566
128;2416
5287;128
128;5445
145;4037
4748;145
254;6349
7279;295
384;1219
1697;384
302;411
1018;411
957;8077
1077;1768
1077;4037
1077;7106
1092;8533
6349;1100
1187;8616
1207;2532
8533;1219
1265;1563
1477;4379
1477;7366
4877;1563
5209;1697
1697;6226
8223;1697
1716;5774
1855;1725
6079;1752
1768;7106
1768;7228
1802;3995
1850;2416
5221;1855
6155;1855
2301;4948
2301;7087
2381;7069
7475;2381
4127;2416
4375;2416
4413;2416
2422;6247
2513;2532
5057;2513
2513;6404
2532;1408
2532;3404
5942;2599
6685;2599
7922;2599
2714;1242
8438;2959
3027;1477
7366;3027
2513;3279
4127;3292
3292;5445
3463;8353
6247;3635
3635;7145
5036;3798
1077;3990
3990;1768
4748;3990
8438;3995
4748;4037
1265;4138
4978;4288
128;4375
7366;4379
7373;4379
4127;4413
8438;4566
1077;4748
4748;7053
1077;4850
1768;4850
7053;4850
295;4862
4862;3186
2714;4876
4948;7087
4978;5828
5036;3798
5057;2532
5057;3279
5057;6404
1092;5209
8223;5209
5828;5221
3292;5287
5290;2301
8438;5393
2381;5419
7069;5419
6247;5435
7145;5435
5445;4375
1855;5456
5456;4978
2381;5470
7069;5470
4379;5774
1855;5828
6155;5828
5872;6875
2599;5942
5971;2422
5971;7145
6155;667
4566;6181
4865;6277
6349;8447
1408;6404
1219;6503
6503;6226
6503;8223
8533;6503
7805;6574
3798;6685
7628;6685
5872;6875
7053;1077
1768;7053
7087;1377
1037;7096
145;7106
7106;4037
4748;7106
7467;7107
1563;7139
2161;7139
3635;7145
5971;7145
7149;1018
1077;7228
3990;7228
7053;7228
7106;7228
4862;7279
7366;1752
6079;7366
7373;7366
3027;7373
3463;7475
7475;8353
6349;7518
7805;6277
6574;7805
7922;2599
8077;895
8077;2180
8142;114
1802;8142
3292;8349
5287;8349
2959;8438
8438;4566
8438;8142
8447;6339
384;8533
7467;8616
4735;118
501;173
3459;173
4712;173
187;391
187;5050
1061;231
5050;391
6586;501
7751;501
525;5287
118;557
902;2402
3491;902
3523;918
1242;1006
8139;1006
1061;1455
8139;1061
7425;1065
5610;1187
1242;231
1242;1860
1252;6574
7616;1286
1836;1444
1444;5802
1444;6667
1455;1242
1455;1860
1455;8139
5172;1545
1700;1548
2587;1548
4628;1548
7490;1548
1573;1444
6271;1573
6667;1573
1700;1126
1700;2362
1700;3491
6915;1757
2799;1782
7398;1782
7610;1836
1061;1860
1533;2027
2030;8592
840;2069
840;2099
2099;5942
2154;2013
2587;2180
5091;2180
2256;611
1321;2256
2270;2256
1321;2270
6891;2402
7023;2799
2918;2362
2599;3055
6934;3055
3155;5942
3260;2093
2416;3260
6054;3297
4399;3459
6586;3459
3459;7751
960;3461
3947;6165
7174;3947
7238;4037
8388;4037
2973;4056
118;4222
4222;557
4222;5363
3260;4375
4712;4399
5503;4413
4414;4732
4414;8349
4422;960
902;4628
4628;1700
2918;4628
4628;3297
3117;4679
8388;4679
4712;4847
4712;6586
4375;4732
4735;4222
4847;501
1286;5050
5058;3184
5058;4082
8139;5097
1126;5172
118;5310
557;5310
8349;5327
5363;557
5412;7134
6054;5415
5683;2165
1573;5802
7193;5886
5470;5942
5995;501
4712;5995
1187;6049
3491;6054
4628;6054
6073;7425
3274;6182
6182;6073
4399;6586
6586;7751
8369;6586
2840;6667
6667;6271
7593;6685
6875;2599
3297;6891
6891;4628
1782;7023
7023;7306
3289;7069
7242;7107
7174;7069
8267;7238
7242;6049
1782;7306
2799;7306
7023;7398
7306;7398
7425;3274
1700;7490
7490;8189
7610;5802
1252;7638
7638;6574
4037;7715
4679;7715
8388;7715
7751;5995
6073;7804
7425;7804
231;8139
8189;4628
8267;7715
8347;6691
8369;173
8369;4399
8388;2683
3117;8388
3837;8388
7238;8388
1697;187
3902;193
6562;391
392;6636
801;392
801;3767
247;813
841;7238
947;4331
1697;1025
4416;1025
1148;7286
5918;1286
5140;1374
1382;4381
7540;1382
260;1431
1431;391
5470;1431
1780;1870
1780;6801
5531;1811
4108;2986
5345;2991
3064;4698
4416;3153
149;3271
3436;3271
3380;4331
5673;3380
6123;3380
3572;7228
3767;6636
3782;1286
846;3843
1811;3902
4108;2986
4149;490
5244;4331
4378;231
247;4381
5199;4381
7540;4381
4416;6349
392;4729
4994;6709
2809;5345
4729;5470
1619;5482
3477;5482
3902;5531
6602;5531
231;5575
3782;6165
6862;6165
6349;5294
6602;193
4729;6636
7023;6709
5505;6801
453;7023
6634;7023
7224;397
3572;7228
2216;7238
6743;7286
7540;187
7998;391
1431;7998
1811;8267
8467;5244
8607;3153
8553;11
96;1397
5575;318
3467;523
539;5575
2395;614
648;795
96;856
3907;1262
382;1275
1275;8553
2196;1286
2976;1286
6834;1286
1397;1594
1397;6834
1736;1512
1286;1594
6962;1736
1736;8388
7441;1746
7504;1746
1824;7635
2081;7713
2196;856
2196;1594
3622;2196
4828;2196
648;2434
2436;226
1275;2436
6518;2436
7531;2436
2976;7713
3284;3040
7016;3093
3309;7616
3127;3358
4514;3358
5204;3367
3375;6395
3381;7117
3467;5378
3510;8415
523;3622
3622;1594
5224;3902
3907;3622
5204;3907
3959;7796
11;3971
8621;3971
4051;595
4051;3582
4679;4194
4196;2976
5204;4196
4323;8415
8038;4332
3093;4399
5789;4399
1824;4481
4514;458
4538;8621
4828;2436
4538;4828
4862;1286
2081;4862
3467;4862
8298;5007
6575;5204
5204;8038
5224;2976
4196;5224
4514;5224
5258;7616
5362;699
5378;96
5524;1262
5575;3493
5007;5575
5579;1146
4481;6270
7441;6270
6301;773
6301;3971
318;6395
6395;8415
6575;6834
458;6834
7531;6834
6887;1888
3381;6887
8388;6962
7441;3309
7441;7741
7504;6270
3284;7531
8553;7531
4481;7616
7635;2196
7635;4481
5204;7635
8287;7715
4481;7741
4842;7796
8038;4514
1736;8388
8388;5050
3493;8415
8486;614
8553;3907
8621;4481
