4068;98
5435;98
158;8287
5556;180
256;3983
2042;295
5299;295
788;6165
6875;872
4529;895
3278;1098
2858;1129
4476;1129
4862;1148
2157;1180
1180;5289
7096;1397
5419;1594
1779;6850
7865;1782
4862;1884
2013;8059
5299;2042
2157;6305
3971;2165
102;2270
2270;5023
2283;5347
7228;2283
5556;2416
1180;2508
2508;6305
2513;256
3971;2581
7228;2599
2683;2165
2839;3076
2839;4019
2858;180
2858;5329
2876;256
2876;3983
7228;3076
4068;3242
5435;3242
3278;5960
3507;3344
5419;3344
1098;3678
3918;4529
3971;7953
8353;3971
3971;8616
6351;4015
6849;4082
8629;4331
4419;1782
2270;4446
5023;4446
4446;7214
2858;4476
5556;4476
4529;1288
1529;4529
4529;5690
4696;1779
4696;6850
4757;1397
1884;4757
7467;4850
4862;8190
6875;4920
4931;7616
8028;4931
180;5329
4476;5329
2165;5342
5347;1397
8277;5347
1884;5419
5435;1782
4068;5435
5347;5942
8190;5942
3678;5960
4920;5960
2157;6038
2508;6038
872;6049
6049;1397
1594;6049
2487;6196
6196;4696
1148;6647
2487;6834
4696;6834
7577;6849
2487;6850
6196;6850
6875;2683
6875;6270
4920;6962
7096;2256
7139;7096
7112;4073
7112;6647
7134;2165
7214;2270
8028;7228
2858;7286
5556;7286
4015;7467
6647;7479
8277;7479
295;7528
7577;7189
7577;7479
5347;7616
7865;4171
7107;7953
872;8028
8028;4019
7139;8028
7112;8190
1736;8287
1884;8353
8353;4757
8629;7504
84;683
235;1019
1569;256
256;5415
7697;256
256;8006
288;5642
342;8152
1961;376
376;6605
5290;388
2693;389
492;388
492;1475
531;7112
5543;782
5737;893
6000;943
947;2839
974;8158
1084;1321
3921;1084
6303;1084
5870;1112
6270;1129
5237;1150
6303;1150
4019;1158
5050;1158
1207;1084
5290;1207
1207;6166
3404;1321
1942;1331
1238;1475
1475;3983
1502;256
5325;1512
1502;1569
1569;3768
1569;8006
1569;8251
1651;2603
1651;6099
6724;1693
4714;1812
5117;1812
1892;4582
2076;1961
1961;3054
5642;1961
1995;956
1995;1105
1995;5254
1995;5485
6073;1996
683;2000
2000;8158
2076;288
2416;2684
1084;2513
2603;7122
7497;2603
7935;2684
2218;2824
2961;1019
7943;2997
1942;3013
3031;1863
3037;288
3037;376
3054;376
3054;3037
5388;3193
7176;3193
3242;3678
3404;6303
4994;3420
3507;5552
6887;3507
2029;3678
3768;8251
5543;3824
7273;3824
5485;3882
1718;3909
3404;3921
7879;3921
388;3983
2026;4019
1219;4216
5702;4216
8611;4331
7815;4481
4574;4105
4626;956
1995;4626
4714;6962
4724;2555
4772;235
4807;943
2612;4842
7117;4842
389;4907
4917;6669
4967;5258
4967;5724
5025;4574
2462;5050
5145;8611
5226;5237
5254;3882
4842;5258
5290;1321
7879;5290
5325;7943
6656;5329
5771;5347
1502;5415
3768;5415
7697;5415
5415;8006
5485;1105
7273;5543
5552;1331
376;5642
5724;8084
5737;974
5702;6000
6015;1996
6040;2997
6073;6015
5325;6089
6303;6166
6194;1008
6194;3562
6194;5237
1129;6270
84;6283
683;6283
6303;1008
1207;6303
1321;6303
6303;3921
6303;6628
6589;7069
8353;6589
3054;6605
6628;1150
6628;5226
6724;2997
6724;7815
404;6796
3670;6806
5552;6849
6887;342
384;6938
6938;6462
3678;6962
8353;7069
7122;6099
7168;6015
7273;782
7273;3909
1995;7482
4626;7482
8233;7482
7497;1651
7615;4732
1502;7697
7697;3768
7697;8006
7697;8251
6089;7815
7815;6388
7819;388
7819;1475
7879;1207
7879;2513
7879;3404
7924;7815
1942;7943
6089;7943
7943;6849
7924;7943
893;8083
974;8083
4105;8158
3031;8177
8233;1105
1995;8233
4626;8233
5485;8233
1502;8251
4994;8286
2961;8553
8553;6962
8569;683
8083;8569
5620;8611
6177;8611
3521;125
7440;125
280;5359
302;7362
377;2027
418;3507
5347;418
466;6104
555;1246
589;4064
914;596
6875;596
629;3507
629;5347
782;639
2304;639
721;664
684;7548
698;6983
698;7819
698;7935
823;699
2587;699
7490;699
732;4537
788;675
797;3457
797;7932
885;1246
888;3037
888;6032
2581;914
916;5359
7208;1019
1019;7676
1020;7139
1020;7228
466;1100
4068;1105
5642;1105
4467;1126
7719;1126
5075;1187
6330;1187
7631;1187
1219;1373
3920;1235
1338;418
5866;1338
2165;1397
7453;1462
797;1691
6149;1691
1728;2771
2807;1748
588;1782
1811;1158
7440;1833
4089;1860
1860;8277
1914;1691
5642;1961
454;1964
1964;1187
7584;1964
2184;1976
1976;2533
2016;7439
7474;2016
2084;3076
5258;2084
2107;6032
2165;5619
2184;8629
7096;2271
3805;2283
3215;2362
6937;2362
2442;466
2442;1100
4359;2442
2478;5359
2484;4138
589;2533
3184;2533
720;2599
7107;2683
216;2880
2880;7830
2812;2956
2956;6165
3521;2962
6282;3037
6948;3076
6893;3184
675;3268
3278;7134
3297;3523
2016;3330
6191;3344
6553;3421
8190;3507
4959;3605
3605;5061
3787;3678
3787;6049
7208;3887
1811;3902
7787;3902
3920;1823
3952;4757
3971;6049
7819;3983
7935;3983
4015;7719
4617;4033
4068;8447
3678;4082
4089;1782
4089;3047
2016;4138
7439;4138
5942;4194
4216;1903
4911;4279
7802;4279
18;4283
3787;4283
4543;4341
4359;5658
6104;4359
7362;4428
4432;5482
4479;8629
4535;7230
7576;4537
4543;5623
5963;4545
6211;4545
4617;5082
4617;5136
4617;5995
2362;4628
6177;4732
6286;4732
720;4753
4753;1748
4753;2536
6279;4757
4432;4850
5919;4850
4850;7228
3605;4911
4911;8277
1187;4920
5619;4920
4959;5061
4959;5359
4959;5475
4959;8321
546;4988
4545;4988
5009;1158
5009;1811
5013;1105
5642;5013
589;5016
6893;5016
5061;5623
7235;5061
5061;8321
5072;4666
5072;7366
7538;5072
5086;7453
2180;5136
1961;5170
5258;7002
7830;5258
1019;5333
7208;5333
6279;5347
5359;4911
5475;5359
5829;5359
8080;5359
5377;885
5377;4911
840;5419
2807;5419
3605;5475
4911;5475
1020;5482
5482;7139
546;5623
2771;5623
5627;3805
5642;3699
5774;6589
7441;5774
8246;5774
3605;5829
5829;4911
1477;5963
5773;5963
6282;6032
6049;4082
4560;6049
6049;7002
6279;6055
2442;6104
797;6149
7932;6149
6165;2084
7631;6165
6165;8156
6177;2416
5575;6177
6211;2773
6211;5773
5116;6279
180;6286
6286;5575
6339;1025
4666;6388
7538;6388
7056;6458
6553;3047
6573;5475
1019;6586
8552;6586
5072;6589
6589;8246
720;6685
6691;64
8028;6691
4732;6709
6177;6709
6286;6709
6840;2013
6586;6875
6875;7134
2381;6893
5407;6906
589;6933
698;6983
5774;7002
2416;7056
7056;6709
1823;7069
7073;5359
7096;5470
1020;7106
2165;7107
7119;2069
7119;2599
8156;7119
7119;7134
4432;7139
7208;6586
5919;7228
8052;7230
5575;7286
6177;7286
6286;7286
7362;782
4666;7366
7366;5359
7366;5774
7538;7366
8256;7366
2484;7439
5116;7441
7441;5866
5848;7453
6286;7459
7474;4138
664;7475
2995;7475
1860;7479
3787;7479
4359;7518
7518;5658
7538;6589
7548;1860
7548;4920
7548;8190
6691;7593
2536;7638
7676;6586
7208;7676
7719;3215
5995;7751
7787;1158
5627;7787
7802;2962
7802;4089
7819;698
7819;3983
6983;7935
7953;6691
7955;7593
7638;7955
7953;7955
6211;8028
8080;4911
8156;3439
751;8190
8190;4535
4666;8246
1728;8256
8277;1246
5829;8321
8353;675
8420;4911
1961;8447
8447;3699
8447;5170
8552;1019
8552;3887
8552;5333
8616;2099
2048;76
76;3184
6059;76
1045;187
2444;219
254;392
254;1657
1936;254
254;3488
5342;391
1697;392
397;3386
531;1029
3693;603
3091;639
1134;811
826;4208
826;5619
943;3488
4249;1098
1098;6849
1126;2362
6691;1129
1134;1143
2402;1158
1286;391
610;1373
1408;1095
1568;8584
1594;1098
4016;1594
5104;1594
5614;1657
6619;1657
1711;6194
1837;7879
1408;1860
1860;6104
2956;1884
1884;4911
1900;2362
1900;3297
1936;5209
1095;2033
1408;2033
2048;4343
2148;254
3297;2362
3663;2362
5270;2362
7490;2362
2444;5979
2956;2533
2633;6194
1029;2684
4812;2684
4814;2684
4127;2689
2907;3147
8035;2956
2967;5614
8287;2986
7128;3091
4343;3184
6305;3184
5270;3297
3386;6713
8467;3386
3415;7056
996;3420
4814;3420
3436;6311
3443;1286
3472;6226
7680;3472
3488;4484
228;3507
149;3518
3616;4162
3663;1126
1900;3663
3693;943
2148;3693
3592;3693
3954;3693
5023;3770
7104;3770
3967;3837
4169;3837
5329;3837
3944;386
392;3954
3954;3443
4807;3954
6262;3971
2839;4169
4169;4019
3136;4208
4208;3837
4537;4286
4331;1158
3518;4331
3292;4375
6141;4375
7655;4413
603;4484
6339;4484
4484;6944
1900;4628
4628;2362
4732;2684
4807;8109
4812;6691
2633;4833
610;4907
4907;3560
4911;2533
8343;4931
4943;4732
7104;5023
5023;7968
5050;4732
7286;5050
6713;5104
5123;6849
1697;5209
6462;5209
5304;3971
1812;5329
5329;2599
5933;5329
6305;5446
7010;5563
7596;5563
943;5614
5690;1900
4628;5690
6844;5690
219;5979
3226;5983
7767;5983
2048;6059
1936;6078
639;6123
5563;6123
6142;1657
6142;1903
2633;6194
2816;6194
6263;4537
2033;6268
6268;5097
3091;6311
3693;6339
6458;2224
6458;3518
6078;6462
8109;6462
392;6619
6713;4162
6816;5104
2625;6849
3518;6849
6104;6864
6873;2599
4732;7010
7104;7968
1867;7128
7176;5563
3802;7238
5001;7286
8387;7286
7917;7490
4911;7593
7638;1286
7655;3292
7680;187
4948;7879
7917;1900
6844;7917
7968;811
7968;3770
8035;2533
8109;254
2148;8109
8109;5983
8109;6142
4948;8275
8287;158
6926;98
7448;102
114;4824
603;226
2560;226
226;6388
2602;365
365;4877
4562;376
5316;376
2271;391
7002;391
1903;392
8164;392
420;1309
420;2773
420;6899
486;8343
562;226
562;7217
603;3503
621;1990
671;3094
5705;675
675;7366
778;5013
8447;778
982;938
938;5812
938;7652
1019;2533
1019;4850
1019;6388
4256;1045
1158;2684
5563;1158
5552;1178
7263;1178
1863;1187
1187;4609
1232;3816
3076;1246
3439;1286
1304;6647
1304;7439
1144;1309
4563;1309
5254;1309
1373;1548
1471;4886
4432;1512
7053;1512
4955;1538
2640;1548
6628;1548
1548;8028
4877;1594
102;1706
2118;1706
1748;4399
1779;4877
3990;1782
4862;1782
7053;1903
1925;1100
2161;1925
6815;1925
5492;1944
8580;1944
2304;1964
2999;1990
1990;4886
5441;1990
1187;2015
1903;2015
7107;2015
2038;675
8164;2105
2118;102
2161;6815
4484;2188
2188;7650
7613;2235
2253;2862
2253;3759
2253;7263
3132;2256
4753;2256
7217;2256
2038;2271
2271;7228
2271;7593
3439;2304
2304;6181
7139;2304
365;2329
2218;2409
2533;3013
3242;2560
4256;2560
5072;2599
2602;4877
2640;4824
6647;2640
3436;2684
2684;5482
2730;2692
7285;2692
5920;2730
7285;2730
114;2849
2849;1512
6586;2849
2918;6586
2918;7139
4300;3007
2329;3013
6165;3013
6973;3013
1944;3060
8342;3060
3117;4819
3132;4484
3242;1286
2271;3242
3244;2730
1373;3330
3330;3013
4481;3330
3330;7002
3678;3344
7412;3344
8629;3344
3413;1373
1964;3413
1779;3439
3503;1779
3508;7510
1825;3618
1111;3650
1990;3681
7652;3681
3717;1158
3759;1178
3866;3816
7448;3866
2602;3887
5531;3887
3887;6586
3922;982
3922;2999
3922;4515
486;3952
4484;3952
7439;3990
3990;7479
8214;3990
4056;3650
4117;4056
4069;174
4117;895
4117;6979
4117;4150
4249;7802
7663;4348
2038;4399
2038;4432
3503;4484
982;4515
2188;4562
7439;4609
7373;4702
2733;4732
2533;4748
4748;7412
4753;7119
2188;4819
4824;6388
4824;7616
4609;4850
4850;4819
562;4862
4748;4862
4877;2188
4877;3117
6973;4877
3922;4886
4886;5812
7391;4886
4911;7107
7593;4911
8214;4911
5534;4920
4920;7106
671;4954
3094;4954
4955;1538
778;5013
545;5036
5036;4954
1019;5072
1512;5072
5072;6849
5076;7504
2256;5082
7366;5082
6181;5187
5187;8190
5254;420
1144;5254
2154;5254
4563;5254
5316;1548
5316;3132
5316;5614
2862;5334
5369;5334
7710;5334
7139;5342
1187;5347
5347;6691
7312;5347
7650;5347
5369;5552
5369;7710
5082;5419
7312;5419
5563;5482
5492;1475
5492;3060
226;5531
3330;5531
5534;2997
3759;5552
5334;5552
841;5563
486;5614
5812;3681
5614;5942
5960;4484
4819;5960
4481;6049
4920;6049
8629;6049
5492;6086
6086;8580
3439;6165
6181;6388
6388;1563
4432;6388
2602;6400
6400;5072
6525;3618
5817;6525
4484;6586
4609;6586
6628;811
6647;213
6647;3952
6049;6647
7593;6691
6815;1100
2235;6815
5960;6834
392;6849
4399;6849
1309;6899
2329;6973
895;6979
6979;4056
6979;4150
5316;7002
7119;5342
2849;7134
1286;7139
7139;2599
5076;7139
7204;5396
1304;7228
7228;8277
7263;5334
7263;5552
7285;5920
7295;5580
811;7312
1779;7312
7366;5072
5076;7366
7366;8629
7373;2692
938;7391
3922;7391
7391;4515
102;7417
2118;7417
7439;4824
7448;1232
7450;2161
7613;7450
7479;3887
7479;7107
7439;7479
1863;7504
3330;7504
8277;7504
102;7575
2118;7575
1538;7591
7613;1100
7613;1925
7613;2161
7613;2959
7479;7616
7650;5531
7652;5441
7391;7652
3759;7710
7723;4348
7295;7723
7796;1246
4069;7935
8028;1286
675;8052
8052;7107
7362;8121
562;8164
8164;1304
8164;7439
2256;8190
7312;8214
4399;8277
8277;5419
420;8321
4563;8321
5254;8321
8342;6086
8342;8580
8343;1903
1736;8415
778;8447
1475;8580
5492;8580
7168;8629
2237;76
114;1075
114;1863
7607;121
125;5639
249;193
193;2015
193;8214
8218;193
7665;201
6556;220
226;5342
382;3504
7582;382
4679;386
409;1449
409;2010
2825;409
4257;486
521;3507
521;7504
595;8084
596;5050
1427;691
1957;748
748;5598
6688;778
797;7189
851;4278
8154;876
879;1286
895;3770
914;386
6754;914
975;3344
4745;1013
4885;1013
4;1019
691;1019
1075;4946
1075;5531
7949;1075
8567;1075
1094;7582
6556;1098
6944;1098
7053;1098
2923;1118
1118;6926
1512;1158
6850;1158
1094;1178
6263;1211
125;1286
1019;1286
4732;1286
1331;8214
1373;220
7350;1373
1098;1397
4171;1397
8277;1397
3040;1427
8038;1427
1428;4570
6670;1449
1452;4
691;1452
1452;1223
1452;4862
8084;1466
1158;1512
3887;1512
6850;1512
1512;7312
7676;1512
1532;3891
1532;5598
1492;1548
1397;1594
4082;1594
1594;7504
595;1746
1075;1782
1782;6849
114;1794
1797;2669
1811;3242
872;1860
1863;7350
3381;1888
2931;1942
249;1957
1963;4082
1964;1903
1964;8349
1994;201
2000;3362
2000;5940
2010;1466
98;2015
1397;2015
2073;8341
2381;2132
7498;2132
2783;2134
1211;2256
5187;2256
1013;2297
2329;1331
2329;6018
2329;6346
6586;2339
2381;7498
797;2395
8298;2395
8486;2395
2454;4306
3600;2551
895;2669
6150;2669
3029;2716
7582;2783
2879;7787
1466;2918
2923;7441
7815;2923
2931;3013
4973;2931
7441;2931
2976;2134
2976;4538
2979;4056
6484;2979
3818;3013
3013;4282
5325;3013
4153;3029
3029;4379
3040;7066
7635;3040
1811;3117
2783;3158
6433;3242
7066;3330
2000;3362
3362;5940
3457;3574
3457;4019
486;3507
3040;3538
6669;3582
3582;7117
3600;2716
2000;3614
5940;3614
1957;3617
3728;5050
2669;3770
3770;4162
3770;6373
851;3780
3818;6018
6849;3818
3818;7217
3891;249
8218;3891
2297;3902
4413;3902
4911;3902
1863;3909
114;3980
4931;3980
5860;4019
7189;4019
4742;4051
4051;4842
5789;4051
1994;4056
3330;4082
890;4085
4153;2551
4153;2716
4153;3600
8505;4153
895;4162
4171;8121
4257;4484
4257;5327
4278;6040
3600;4379
8505;4379
4413;3909
2329;4484
4538;1452
6850;4570
7796;4732
4742;6669
1452;4745
7682;4745
4810;588
4791;4810
5689;4862
8154;4863
316;4911
1548;4911
1492;4920
4946;1211
6379;4954
7833;4954
4958;6670
1428;5009
1512;5050
5082;1286
6263;5082
5136;690
2879;5136
5187;4732
7774;5187
521;5325
5325;1942
5325;7815
1286;5342
4745;5342
5833;5342
1013;5380
7795;5380
5415;4
6647;5415
5415;8133
8315;5415
7711;5496
5531;7715
5534;3013
5539;1211
4257;5539
5596;7833
249;5598
8218;5598
1373;5614
7676;5614
5625;4911
249;5627
5627;748
1532;5627
1094;5689
3284;5689
4742;5705
6248;5705
6669;5705
2931;5724
5789;2612
5860;876
3614;5930
5940;3362
3614;5940
2237;6017
1957;6018
6018;5627
7139;6018
872;6055
6089;872
3770;6150
6181;2918
7774;6181
6248;4742
1797;6373
6379;4954
6379;5596
6379;7833
3980;6388
4056;6484
6506;1178
3284;6506
6346;6556
7053;6556
4254;6586
6647;7228
342;6669
2825;6670
6688;2237
6688;5853
249;6691
1691;6691
1863;6691
4484;6691
6181;6754
595;6849
316;6850
1158;6850
1512;6850
3507;6850
6850;4194
6944;220
4257;7048
3504;7066
7066;7939
2381;7069
7498;7069
3982;7106
7106;5050
2589;7117
5614;7139
7142;6887
1691;7189
3574;7189
4863;7189
851;7193
6263;7312
7312;8349
8567;7312
7350;5833
7350;7676
4538;7412
6224;7412
521;7441
5724;7441
4282;7492
7502;521
5325;7504
7504;7616
8388;7504
6691;7510
7577;6055
7582;4862
4679;7616
2010;7624
7624;6670
1223;7635
1427;7635
1452;7635
1512;7638
7638;8152
7665;2979
8208;7676
7682;5380
1594;7715
7774;1466
7795;6647
7795;7635
914;7796
8084;7796
7695;7802
8486;7802
521;7815
1118;7815
7815;7502
7833;4954
5596;7833
7939;4082
7949;5136
811;8066
975;8121
1942;8152
1373;8214
7949;8214
1811;8218
8218;3982
4931;8277
5342;8277
8298;4863
8298;7802
8315;3538
7069;8326
811;8349
8349;1903
8505;3600
3912;8567
8590;4481
7048;8590
2762;56
173;4847
8369;173
176;7761
3330;295
376;6071
8356;376
3253;419
4354;419
2362;501
525;1500
4162;596
4440;596
6373;596
6754;639
639;6799
639;6949
349;662
3523;662
4929;662
4748;664
6815;664
699;4019
715;914
5238;828
5329;828
3523;898
5329;898
654;902
918;876
2395;918
925;2979
1805;943
7450;951
951;7802
956;788
986;4399
1031;6017
6508;1031
1098;5942
1098;7638
8277;1098
8388;1098
1114;956
1395;1114
2256;1114
1134;8437
1148;596
662;1148
3717;1148
2748;1235
5342;1246
7228;1246
1251;1288
1251;3968
1262;956
1262;1114
4850;1286
7301;1288
4363;1320
1320;6940
1325;7467
8143;1325
1367;1529
1994;1367
1367;2250
1367;8298
1395;226
1428;943
4127;1500
4847;1526
6979;1529
1779;1538
1512;1594
5614;1661
1729;4004
1925;1732
4748;1732
1736;2283
7616;1736
7987;1794
3402;1797
6137;1799
7194;1799
5990;1805
3260;1850
3182;1852
7524;1852
1925;664
2748;1925
1932;1538
1779;1932
1932;6850
1932;8121
7890;1964
5708;1994
4150;2103
2103;7654
2148;2689
2148;3488
174;2224
2235;951
2235;6451
4885;2256
2362;1325
3402;2362
3978;2362
2369;3260
3574;2395
3678;2395
2483;956
2542;408
2585;2912
6071;2585
2085;2605
8437;2605
2669;501
1325;2684
3968;2684
4990;2689
2748;2841
3671;2748
6815;2748
2839;3717
2235;2880
654;2910
2912;376
6071;2912
8356;2912
6982;2918
951;2959
2959;7450
828;2979
2979;2581
2979;4019
6752;2979
3149;3004
3004;4019
3149;7467
1320;3168
3182;3882
1850;3260
6532;3292
4745;3330
3459;173
4399;3459
4696;3459
7158;3459
7460;3488
876;3518
1111;3523
1529;3523
8486;3574
3639;1661
7761;3650
664;3671
3671;4607
6815;3671
4088;3717
8143;3717
3882;943
7351;3882
3946;5708
3968;2362
8492;3968
3978;2684
1797;4019
2362;4088
4088;5802
6940;4088
4127;4414
4150;1288
4150;2581
6373;4150
8143;4155
4162;596
4162;898
4162;6373
1286;4194
4363;501
4363;1367
4399;2180
4696;4399
7158;4399
4413;3623
4440;4150
8048;4440
4646;6982
4745;295
4748;1925
1779;4824
6850;4824
4824;8121
4847;4399
6891;4847
7158;4847
376;4861
4865;6451
664;4876
4876;1235
4876;1925
7973;4885
2105;4898
6257;4898
7201;4898
7958;4908
1794;4973
3330;4973
2880;5013
5013;7802
5172;4847
6543;5187
5238;4785
2270;5278
3253;5278
3404;5278
5278;4354
5280;6799
5327;7655
1423;5329
7654;5329
2552;5356
2762;5356
5504;56
7104;5614
2235;5683
7802;5683
5708;925
5708;1325
5708;4363
5802;898
1367;5802
5802;2839
5802;2979
1794;5937
8214;5942
5950;1538
5950;8121
4960;5995
6433;6137
6137;7351
6141;4127
6167;349
4440;6167
6167;5802
6167;7286
876;6212
6263;2918
5937;6263
6263;7987
6289;2250
6289;4363
6319;4004
6373;596
1320;6373
6373;1529
6139;6433
951;6451
5013;6451
8447;6451
1330;6532
7958;6543
6695;2103
6752;349
639;6754
6949;6754
6797;1911
5708;6797
6797;6373
6799;5280
6754;6799
6949;6799
4748;6815
8152;6850
1526;6891
6949;639
6799;6949
5937;6982
4004;7043
7104;8437
7158;173
7158;8369
7228;1863
176;7286
2669;7286
5329;7286
1797;7301
5356;7312
5504;7312
2395;7412
4824;7447
5950;7447
5013;7450
7460;408
3650;7467
7286;7467
1114;7479
7638;1098
7638;1512
1594;7638
7654;596
3523;7654
7654;4162
7655;8349
1098;7796
7802;2235
7802;4865
4745;7890
7958;4898
7958;5187
7973;4094
7682;7973
7987;2918
5937;7987
7524;8016
971;8121
8121;8415
8143;349
3968;8143
971;8152
1779;8152
8298;4162
8349;3980
7988;8349
8369;3459
4696;8369
8369;4847
1098;8388
8437;6270
7194;8437
2959;8447
8447;5013
8486;3518
8486;3678
8486;7412
8492;1325
8492;3149
7761;8492
174;8616
699;8616
7286;8616
56;5419
2986;64
7715;64
7848;64
114;4082
114;8491
4341;145
7139;145
2986;158
7778;166
5961;204
220;1455
5380;226
280;7063
280;8199
536;8121
5270;545
610;4216
7226;610
536;648
2099;664
675;2599
675;2997
7577;675
698;1616
698;4946
773;3256
2531;788
1599;811
6400;811
898;895
895;898
898;4162
2091;902
8044;914
4719;956
956;7949
3224;1025
1034;1134
5401;1061
1105;1782
1134;1068
7312;1188
1210;5831
8263;1210
1230;1492
1230;1736
1254;5254
1254;6899
1309;4479
1309;5002
4406;1331
6259;1331
7226;1373
1450;1880
1450;8028
648;1487
1487;6212
2051;1492
1535;288
226;1594
5831;1616
1616;7949
4798;1638
6184;1700
7373;1716
1397;1746
1746;3344
1757;7479
4341;1782
4432;1782
7139;1782
1812;5356
7104;1880
4550;1906
8088;1925
1037;2013
2073;1700
2086;638
872;2099
2144;5419
1309;2165
3577;2175
2178;7228
2178;2188
648;2248
2271;2099
5801;2271
3070;2339
5960;2533
187;2544
5852;2544
1301;2552
4748;2560
2599;4037
6165;2599
6862;2605
3650;2669
4155;2669
2669;6373
7479;2683
1188;2750
2750;3944
4850;2793
365;2796
2796;4877
2796;7106
1987;2810
2810;3330
3622;2849
1037;2957
6880;2957
2979;2669
2986;158
2015;2997
3060;4748
920;3070
1254;3225
7373;3225
8103;3225
2271;3278
3278;6049
3330;166
3330;7949
856;3344
3699;3479
7106;3479
2779;3574
7796;3622
3650;2979
3650;4155
6373;3650
187;3678
698;3678
3797;2669
3650;3797
580;3818
6576;3923
4428;3944
3982;2329
492;3983
1105;4037
187;4082
4108;5482
2796;4138
5919;4138
4155;2979
898;4162
4162;7467
5532;4171
5592;4171
6862;4216
4341;4037
1301;4375
2140;4375
4375;3864
4406;3622
8349;4428
1230;4471
1595;4471
4471;7954
4484;3982
1852;4577
4582;1450
4649;7986
5170;4850
6429;4850
5380;4862
4862;6834
4876;4375
4931;8277
4946;4719
5016;675
5419;5016
5023;1700
8343;5050
2685;5076
6776;5076
6341;5077
5090;5187
5170;2793
1118;5185
5487;5187
5187;7108
8263;5224
5248;2015
6087;5248
280;5254
8199;5254
3358;5356
1450;5415
5419;220
1219;5419
5419;4850
2329;5445
5470;1037
1757;5470
365;5482
5487;8277
187;5532
5801;675
5801;1309
5831;4037
4577;5831
8263;5852
1535;5948
5002;5960
6341;5961
6019;5270
4381;6049
5831;6049
6165;6049
2165;6165
3278;6165
2001;6184
872;6191
6191;1397
5237;6212
6267;5487
5852;6346
3797;6373
6400;5356
545;6404
1983;6406
3907;6429
4137;6429
6576;4484
6662;8592
3316;6685
6191;6685
5445;6691
6850;8277
610;6862
4341;6875
872;6880
4479;6880
5016;6880
6880;6685
3225;6899
7373;6899
8103;6899
8199;6899
220;6973
1803;7002
1254;7063
7373;7063
7106;4138
2099;7107
4406;7107
7628;7107
7134;7593
7134;8121
4341;7139
4432;7139
7217;1187
2685;7228
7228;2997
1535;7312
4946;7312
8263;7312
8349;7312
7373;280
5254;7373
7373;6084
7373;8103
7412;7796
4162;7467
5016;7577
5470;7593
98;7616
2231;7682
7715;158
2986;7715
8287;7715
5948;7778
7848;64
158;7848
7715;7848
7948;2015
5187;7953
5415;8028
280;8103
8103;1254
8103;5254
6084;8103
811;8121
4850;8121
2849;8152
8199;7063
8206;7228
8217;4171
8263;2599
5948;8263
204;8277
8349;5342
2552;8353
8359;2685
5356;8491
1706;73
6268;73
2513;102
119;646
1045;187
4990;187
6349;187
7512;187
204;3678
204;7504
205;1944
1657;213
1925;220
2991;220
228;2572
4484;228
1706;231
272;5836
310;6605
4931;386
1683;391
5918;392
409;5164
414;220
1329;416
416;2436
1338;418
2112;418
514;2879
524;5311
524;7606
2592;566
566;2724
566;4035
566;5401
8081;566
565;567
2522;567
6007;567
590;1431
6298;590
610;1697
3592;610
646;4687
646;4710
4312;652
8535;652
653;3404
700;686
370;690
1537;690
814;691
700;3065
7366;700
2737;753
753;3912
6087;753
1961;778
778;2799
4570;778
4318;780
785;3330
785;5580
1777;809
1961;809
6038;870
8177;914
2572;943
943;4484
991;416
1289;991
2436;991
1006;6268
1018;6796
4318;1019
1019;6336
1025;3655
7512;1045
1455;1095
1095;2522
4404;1100
4676;1100
6815;1100
5018;1149
7606;1191
8066;1246
1397;1286
4973;1329
1338;4246
2345;1373
2957;1373
1397;1286
6089;1397
1408;6385
524;1425
1425;652
1425;7226
3693;1431
7219;1431
310;1439
1944;1439
6834;1449
8090;1449
3058;1452
1455;1657
2345;1455
2522;1455
7576;1515
1537;1019
6799;1537
1561;111
1561;7989
1563;1683
1657;2683
1683;7890
2442;1697
5530;1718
1718;6754
1452;1730
3058;1730
6754;1730
5170;1782
5482;1782
1799;7447
4438;1837
1903;414
3309;1903
4931;1903
414;1925
1925;1903
3309;1925
7398;1944
8338;1961
1961;8580
73;2033
1373;2033
8607;2057
3980;2084
2112;4116
2145;5435
7865;2145
3982;2173
2182;3443
2235;2867
5425;2235
7118;2235
5327;2339
6999;2352
1329;2436
2436;4973
610;2442
6938;2442
2457;4419
2457;6730
6775;2507
5798;2513
8139;2513
8405;2522
6087;2555
2618;7379
2618;8305
2656;1758
213;2683
2688;2339
2737;3699
1777;2799
4092;2847
7640;2849
5119;2867
5413;2867
4573;2879
2883;4958
2899;6799
7443;2899
2901;4422
5224;2901
5345;2920
6730;2932
1657;2957
2572;2957
2003;2961
4438;2981
7226;2981
1925;2991
2991;3443
6821;3022
3058;2879
3065;686
3065;6573
7366;3065
8305;3114
2033;3147
5642;3147
3229;3345
3242;1563
5413;3242
690;3271
1537;3271
3271;3912
2991;3309
1539;3330
6255;3377
3393;5602
6478;3404
3404;7392
8219;3404
1799;3443
785;3502
3502;7114
2084;3507
7812;3542
2442;3592
6938;3592
3655;172
3655;3782
3693;4359
3693;8223
2841;3699
3982;3699
3772;5539
5558;3782
4946;3824
5530;3824
691;3838
1956;3838
5252;3845
3856;5280
4659;3898
5330;3909
1019;3912
1706;3944
5401;3944
3944;6104
8599;3944
73;3961
3507;3980
4092;3980
3983;565
566;4012
6821;4035
7989;4063
4369;4068
4068;4587
8003;4068
3980;4071
4246;4116
4119;5658
1249;4146
4146;7591
391;4171
5191;4171
4201;51
4246;418
5075;4246
567;4312
4312;1425
1730;4318
4370;4333
3114;4343
4359;2057
4384;4369
4587;4369
4369;4877
6730;4369
4381;260
2675;4381
2688;4381
8597;4381
4400;4908
8577;4419
2883;4422
5224;4422
6944;4484
4538;3841
1439;4570
3345;4570
4676;4570
7023;4570
4577;3242
4171;4577
4577;5425
205;4676
4852;4676
4676;5201
8395;4710
1019;4714
4714;2173
4852;4286
4852;5201
8348;4855
261;4877
310;4877
4918;8553
8355;4931
8533;4931
1449;4958
4012;4958
991;4973
4877;5013
5013;8580
5075;4116
3242;5170
5170;4577
7890;5170
5191;7890
809;5201
228;5209
5209;2572
6142;5209
1191;5210
3147;5210
5280;370
5280;3772
5299;778
3229;5299
1191;5311
1837;5311
6775;5311
7606;5311
8139;5311
5330;1106
5345;1500
5345;6472
7619;5345
7518;5365
7575;5365
5401;3330
5420;3917
4496;5420
2841;5425
5119;5425
404;5530
1106;5530
7443;5530
5534;5050
5558;1025
4400;5602
5609;5420
5623;8256
5642;1852
5642;3801
8599;5642
4855;5658
5675;2061
7006;5675
567;5798
5918;6298
4369;5931
5931;4835
6349;5983
6938;6000
1837;6007
4587;6086
6087;3271
6096;3980
392;6119
6119;1219
6142;6944
6184;6336
6184;7298
4496;6196
7624;6196
6226;6339
5300;6255
6268;3565
5013;6336
6799;6336
466;6339
3693;6339
6385;6439
6385;8405
389;6418
1006;6439
6439;8599
6452;6789
567;6494
6494;3565
3841;6500
4800;6509
7624;6537
3393;6618
5280;6618
6414;6618
6806;6618
6721;111
2061;6721
3782;6721
6730;5013
6730;6086
4119;6761
6478;6761
6775;6494
6775;7859
1537;6778
3909;6789
8580;6815
6821;4146
5420;6821
3592;6862
6000;6862
7844;6862
4855;6864
5311;6864
6245;6864
610;6938
6938;1697
228;6944
2605;6944
753;6985
1388;6997
2693;6997
7023;2799
8338;7023
7663;7031
7118;7450
7139;4850
7216;8275
4359;7219
7998;7219
8223;7219
5330;7273
7273;6754
7296;2522
7296;6439
7298;6754
7298;8553
3699;7306
5097;7353
8016;7362
8291;7366
653;7392
5463;7392
4419;7398
5299;7398
6086;7398
6268;7411
7443;3909
6950;7443
2991;7447
5018;7479
213;7504
7504;1187
7504;3678
1374;7512
7518;1373
7518;1657
4312;7545
5365;7545
6494;7545
7518;7545
7606;2513
1500;7619
7619;4381
226;7624
3693;7680
7980;7680
7709;172
5136;7751
7530;7751
2961;7760
1516;7796
7597;7796
7812;3017
1910;7859
7859;2507
7859;4618
7865;2799
7865;5435
7879;7257
7576;7886
98;7890
1563;7890
1782;7890
785;7905
1747;7905
5675;7980
7980;6119
7989;172
7998;6339
7680;7998
8016;753
1106;8016
6184;8016
6789;8016
246;8090
566;8090
8090;785
8090;4012
5050;8121
8130;7006
8130;7709
8130;7980
596;8177
3058;8183
4438;8219
5658;8219
8223;7680
686;8256
3065;8256
8256;6573
2173;8287
686;8291
700;8291
3065;8291
6573;8291
8305;6087
8330;1537
2899;8330
6618;8330
310;8338
8338;5299
3909;8341
1408;8405
8424;4146
2145;8447
8533;4779
8533;6104
4312;8535
8577;1944
7398;8577
8580;6515
8003;8580
3488;8597
5345;8597
8597;6472
7619;8597
8599;8288
4538;8620
1746;64
647;98
4719;98
7661;98
135;748
8287;158
192;5994
4962;206
224;2434
224;3805
226;6104
8507;226
3897;235
235;4422
6795;235
295;5531
5993;295
7145;295
295;7939
315;3963
315;6110
315;8288
342;6040
807;346
346;7058
7277;346
315;352
5167;352
2632;386
2047;391
4646;391
402;4038
7107;436
8494;481
8555;488
8060;491
6847;503
517;2663
517;4996
517;6429
798;536
543;5886
543;5922
607;561
561;3428
561;8523
647;1710
647;8605
226;657
5290;657
7193;657
699;5075
5342;699
4482;701
4135;746
2020;748
757;2020
848;807
807;2209
811;1188
4671;811
848;346
848;4663
848;7417
2047;923
5531;923
923;8028
251;934
2463;934
4422;934
951;543
951;3362
951;5290
1017;5994
1018;5417
2391;1038
1109;1048
5873;1048
6568;1048
1061;7118
3048;1095
8625;1096
224;1136
4427;1136
4671;1143
5545;1143
1148;8121
6341;1149
1149;6875
517;1157
1157;3117
1158;7189
6372;1178
1143;1188
4671;1188
1238;5614
1244;3614
1244;8238
1245;881
1397;1246
3047;1286
1286;5942
1313;5993
1377;4482
5045;1383
1397;2015
1397;5552
1397;7848
4135;1425
8502;1458
1487;1188
1487;4671
5228;1487
4037;1512
1530;7118
1594;2295
7616;1594
1736;6324
7145;1736
1745;2060
2535;1745
3887;1746
129;1811
1816;4820
5755;1880
1925;8341
6710;2012
2014;3048
2020;129
2026;3047
2033;2768
8299;2033
2042;1048
2042;2361
2047;1149
2047;1512
4137;2057
2060;3464
8304;2060
7879;2086
3924;2148
807;2189
2194;488
2194;7504
7134;2224
6008;2235
2235;6649
3837;2256
4596;2256
4994;2270
5290;2270
7107;2283
1594;2295
6468;2295
2686;2321
2321;6782
2321;7545
6263;2332
2332;7741
2334;4679
2334;8491
2361;107
4538;2361
2434;7528
652;2479
4171;2479
4850;2479
7905;2483
2513;4994
2517;2361
2535;4793
2566;7768
174;2581
2632;5774
2632;7638
2189;2643
6941;2643
2644;4820
2649;1811
1313;2663
2015;2684
5342;2684
6647;2684
2799;2686
2686;7890
6795;2694
224;2714
2714;1512
2714;3902
757;2757
1986;2757
2757;5155
1953;2805
2805;5042
7058;2805
6594;2856
2867;1530
6594;2883
2086;2932
342;3013
7193;3013
2321;3042
3043;8000
3047;1286
2086;3048
3048;4585
3076;7848
3089;4194
3129;5291
2513;3147
5290;3147
3178;5380
3178;7279
1238;3184
3190;3736
3217;4876
2148;3226
3226;4137
5502;3226
3226;6958
2194;3242
6506;3330
3391;3344
3971;3344
5774;3344
3391;3344
8295;3428
4635;3461
5707;3461
4584;3464
3476;4422
1238;3507
3515;4577
7193;3591
8605;3591
5902;3608
5263;3614
3619;5119
315;3655
3709;3655
3668;5472
352;3709
8288;3709
3712;3217
3712;6235
3714;5886
3736;4719
798;3805
3330;3805
5291;3805
5993;3805
7833;3818
517;3822
543;3822
657;3822
6239;3822
3837;1594
3515;3837
5873;3859
6138;3859
1746;3887
3887;5082
7096;3887
1313;3902
3924;2057
3924;3226
898;3971
3971;3344
2632;4037
4037;7528
4481;4051
4051;7504
4137;6636
3515;4171
4745;4171
6341;4171
3089;4194
7953;4194
4955;4246
4274;4024
4277;8621
4427;2434
342;4481
4482;2605
3818;4482
4482;8415
346;4483
4483;7058
5534;4484
6119;4484
4484;7650
3608;4538
2009;4570
2479;4577
4577;6647
4663;4584
4596;1136
4596;4996
2235;4609
5811;4609
4634;6468
4635;6372
4635;8502
923;4646
1710;4646
1425;4647
807;4663
5836;4676
226;4719
3117;4719
6710;4719
2714;4776
4745;4776
4776;4982
5005;4776
4793;7545
342;4842
5472;4862
7939;4862
5113;4876
5380;4876
4679;4931
4955;2026
4745;4982
7422;4982
2270;4994
4994;3147
4996;1157
4996;3805
4996;4876
5005;5113
1149;5009
7899;5009
346;5042
5044;6506
8502;5045
5046;1095
5082;3887
2644;5089
5089;8288
5113;951
7502;5113
963;5119
8288;5119
5045;5155
8060;5156
5167;3655
1143;5228
5228;1188
5707;5280
5290;2270
5290;3147
5290;3712
4994;5290
5290;8507
2632;5342
543;5380
7439;5380
6256;5467
5472;2012
1109;5483
4137;5502
6958;5502
5089;5528
8205;5528
3902;5531
6782;5541
5545;5187
6433;5545
5552;1397
5573;1852
5573;7965
5595;389
2189;5611
5614;5209
1017;5735
4820;5735
807;5761
6586;5774
5833;158
5833;5960
5930;5263
5930;7322
1736;5942
7796;5960
4484;5983
6119;5983
3117;5993
4427;5993
8556;5994
7118;6008
6104;98
352;6110
881;6118
6118;6256
8117;6230
536;6235
1313;6235
3178;6235
6235;4876
4996;6235
6574;6235
3129;6239
6239;7502
6256;3051
6291;6110
8152;6305
6324;1736
6341;8190
3897;6372
3178;6429
5472;6429
5228;6433
2686;6449
6449;7545
6468;2295
2012;6474
6506;76
517;6506
6506;5472
2232;6525
5483;6525
2042;6568
7233;6568
1710;6574
6104;6574
5774;6586
6647;436
3837;6647
6647;4171
6691;3076
3330;6710
4596;6710
5005;6710
2517;6719
491;6782
1244;6782
8275;6782
6795;129
135;6795
6847;2757
6847;8117
6875;1736
4842;6926
5755;6944
3924;6958
4137;6958
6636;6958
6988;2883
7023;6038
315;7065
6110;7065
7092;3859
2283;7107
7112;1246
7115;1708
7118;5811
1313;7145
7145;7360
8028;7145
1158;7189
4481;7193
7504;7193
7203;746
7203;4135
7233;6011
7203;7233
7238;64
1738;7250
7250;6795
5290;7279
7297;2391
7322;672
1244;7322
7322;5417
7362;5417
7378;7203
7417;2643
7439;5113
2235;7450
898;7467
4162;7467
7501;4422
7504;6926
224;7528
5042;7545
7590;1580
1594;7616
3420;7638
5774;7638
5209;7650
647;7661
7661;1710
3190;7661
7661;6224
7939;7661
6734;7682
7720;6230
3818;7741
1319;7769
7791;2391
4672;7791
2632;7796
4679;7796
6594;7822
2649;7833
7899;1512
2031;7905
3859;7917
6568;7917
7939;2256
7145;7939
6974;7941
1246;7953
2224;7953
4194;7953
7953;5050
7638;7953
7964;7963
7963;8607
7964;8607
8000;7450
2334;8028
8238;8060
2915;8062
2663;8066
2060;8086
7682;8086
8121;3887
1594;8152
8152;2479
5347;8190
8287;2632
5167;8288
5528;8288
5595;8295
8299;7203
7378;8299
8086;8304
8318;638
1018;8318
8491;3678
8502;1383
503;8517
8517;5280
8555;1017
8555;4954
8625;8555
224;8605
4745;8605
8607;296
1738;8621
8625;2644
4820;8625
