19;18
1615;18
19;18
6261;19
2070;51
98;1782
127;3065
1246;193
193;7450
1535;290
290;8328
5135;341
341;6073
341;8233
360;7638
392;8016
400;2132
1735;409
2551;413
5468;413
8367;454
480;5960
409;497
566;1735
6500;566
895;596
596;3130
596;5690
648;6790
662;895
1449;685
5580;685
698;1683
698;8388
1471;719
719;3997
1388;733
1462;733
2444;733
3938;748
3787;788
8233;788
835;3907
4012;870
895;898
2979;895
895;3717
895;5690
662;898
5419;918
1616;956
2551;975
2999;975
3891;991
991;6049
1019;4877
719;1035
1035;8629
1137;2101
1137;4479
3622;1149
1180;3591
1183;3360
1235;1990
4294;1235
1599;1248
1286;2986
1286;8277
2444;1395
1466;7362
1471;8629
923;1492
1068;1492
6982;1492
956;1512
2766;1513
1535;1599
1535;5018
1535;5852
5598;1594
6203;1594
1610;719
1610;8246
1615;18
1615;5623
1374;1616
3282;1616
1638;6212
1683;2339
4877;1782
1794;1397
8204;1812
1863;2581
6520;1874
2073;1884
1932;6685
7379;1932
127;1990
1999;1019
2000;3225
2049;6795
2070;5834
2070;6815
566;2073
2073;1136
2073;5419
3360;2101
2049;2256
5560;2256
918;2271
1932;2271
4250;2271
7591;2319
2329;861
6138;2346
2346;6410
8062;2346
2715;2510
5487;2510
7805;2536
2551;2536
2323;2572
8177;2581
2592;918
2592;6400
3342;2599
4495;2599
2644;6691
2649;2256
98;2663
409;2663
2565;2699
2715;8388
2766;3225
596;2979
6373;2979
1286;2986
8059;2997
4857;2999
1137;3065
3130;895
2979;3130
1513;3225
6951;3278
3360;3155
3575;127
4524;3575
3593;8629
2979;3617
3617;3717
5948;3622
3717;895
3717;898
3717;5690
5764;3787
6641;3841
1748;3882
3278;3882
4524;3882
566;3917
2766;3919
6084;3938
6203;3944
4294;3997
4035;6054
8233;4035
5834;4073
3591;4082
391;4194
341;4202
450;4216
4296;4857
835;4375
4413;1884
3476;4422
4471;1409
719;4479
4479;6880
3282;4495
793;4496
4496;3476
4516;972
4524;8244
4538;5280
4538;7378
4542;5356
7329;4570
2715;4609
4669;7379
2101;4857
5470;4857
7498;4857
4877;1794
6018;4877
4907;6854
4907;8367
4958;3476
7031;5018
7638;5050
4202;5072
8629;5072
5090;3678
5135;1137
5135;5470
5135;7628
5155;4025
5155;6537
5164;6641
8239;5224
4538;5260
5155;5315
8100;5315
5339;7663
3622;5342
5380;5347
7312;5347
5356;956
2592;5356
5356;2599
166;5365
3285;5380
6388;5380
341;5412
1409;5418
5418;1638
2552;5419
5468;5412
1990;5470
3065;5470
5487;5365
5516;2999
5532;2329
7168;5552
4609;5598
5598;7848
1615;5623
5690;2979
3717;5690
5740;5690
5690;7467
5735;7092
5740;895
3130;5740
5852;6834
5853;8595
1513;5979
5979;1653
6008;2510
8328;6008
1735;6017
1616;6018
3917;6054
6073;7805
5090;6196
6203;6196
6196;6235
4082;6212
6230;1235
19;6261
6373;596
6373;3717
5740;6373
6399;7092
6795;6429
6460;4202
6460;6520
6460;7498
975;6491
3360;6491
6500;6018
6517;3593
6517;6520
6520;6073
6520;6191
4422;6537
400;6586
4035;6586
6586;6691
4035;6685
6815;6685
6701;4379
6701;5516
7215;6815
8081;6821
6834;7638
2599;6850
454;6854
1990;6880
3593;6880
2565;6951
8263;6982
6196;6983
6983;8016
3502;7114
1683;7312
8567;7312
7329;5280
290;7364
2346;7378
6410;7378
8062;7378
7380;4877
3944;7412
7467;662
7475;2101
7475;5764
2536;7482
7498;6073
7591;2073
7379;7613
7614;4073
7031;7614
7848;7616
1747;7624
5018;7624
7638;1246
7661;2091
7663;7905
6517;7805
6341;7901
7905;6500
3342;7953
3944;8016
6500;8059
8062;5260
8064;8081
7114;8081
4907;8158
3564;8177
1008;8233
1183;8233
8233;4296
4958;8239
8239;7362
8244;4753
7475;8244
7628;8244
5135;8246
6491;8246
1286;8277
5347;8277
698;8328
5018;8341
5018;8345
6962;8349
8244;8629
4686;1
8248;1
9;8629
7530;36
64;2295
7848;64
6856;73
4962;77
6110;98
7250;98
2391;107
107;7861
4462;129
2782;132
4850;158
187;5942
192;1017
6410;216
216;7440
1710;226
231;102
1683;235
2483;235
235;5821
251;235
251;5746
1230;256
3770;256
6433;256
6850;295
342;6040
342;7504
1006;386
3614;391
6089;391
5209;392
5614;392
5983;392
411;1683
428;7986
456;2567
7796;481
503;5291
8502;503
515;1683
515;4422
2883;536
4876;536
5013;543
4119;565
4783;596
647;5042
1837;652
6347;652
657;1710
657;7890
5994;798
7528;923
2386;940
940;3028
940;5407
940;5497
951;6235
6867;956
967;1425
967;1825
972;4462
1006;3944
3372;1017
1017;6474
1051;3268
3905;1061
1061;5435
1063;231
1063;1373
1079;2925
1079;6138
7233;1079
1072;1095
3961;1095
3983;1095
5642;1095
3770;1134
1134;5187
1708;1136
1141;1455
6007;1141
2332;1149
6275;1157
8233;1169
3608;1178
1187;1570
3105;1187
6866;1187
1207;102
1207;6208
4671;1230
1230;5545
7502;1242
1244;3186
1280;7392
596;1288
1288;4783
1319;5352
1358;2209
1358;5042
1383;1981
5291;1383
1109;1425
1425;6023
1425;6410
1455;73
8288;1455
8405;1455
1978;1469
1702;1482
7939;1512
1513;6573
2669;1542
1542;3395
1548;914
8158;1570
8246;1570
1134;1581
1581;3770
1581;5187
6647;1594
1051;1615
6867;1615
1617;1837
1617;3147
1617;5658
1673;4283
934;1683
1738;1683
1706;6268
6856;1706
1708;5299
1708;6224
1734;2981
4982;1736
3897;1738
6275;1738
2741;1745
4577;1782
1782;6875
5263;1785
1795;8502
1805;2085
1805;7730
1051;1810
1810;3155
1810;5072
1109;1825
5798;1837
344;1852
4779;1852
5135;1861
1880;5311
7575;1880
4488;1884
1953;2047
1953;4570
1978;3899
1978;6820
251;1981
7378;2012
1810;2027
2027;5475
2033;1079
2513;2033
4647;2033
8304;2060
2062;8219
2194;3031
2194;8288
2203;8288
2203;8533
2225;235
2225;251
36;2238
2238;7530
3190;2256
7953;2295
1072;2334
2334;8288
7323;2383
5585;2386
2409;5940
2434;2256
6104;2434
7193;2434
8214;2434
2442;5983
6142;2442
2442;7650
3476;2463
2463;4422
7092;2463
2463;7678
7816;2463
746;2479
1782;2479
3242;2479
2483;251
1702;2567
2189;2567
7117;2612
6810;2632
2637;192
5851;2656
2663;391
4776;2663
2686;3042
5617;2686
2805;5930
2669;2839
2864;2669
2883;3129
2915;6410
4315;2959
2959;4632
2981;1837
2513;2981
4119;2981
7117;3013
5585;3028
352;3031
7797;3031
3041;2409
2778;3048
3105;7741
7661;3117
3143;1072
5167;3143
7204;3155
3242;746
5833;3242
2667;3268
4365;3268
8551;3268
9;3278
3608;3330
4719;3330
6125;3330
3330;7250
3330;7545
3344;64
3887;3344
7848;3344
2669;3395
3395;3617
3401;6719
7297;3401
5512;3404
3404;8275
3443;8388
3458;5291
3469;8188
3514;8188
3515;5617
1095;3565
3591;3117
3591;4719
295;3608
1710;3608
226;3614
3614;5155
5743;3655
595;3705
3705;2959
3712;657
6518;3714
8517;3714
7890;3805
3822;2740
1530;3829
2663;3837
3887;4194
6820;3899
295;3902
3837;3902
3905;5617
7613;3905
1706;3944
6069;3944
5311;3961
6092;3961
4761;3983
6069;3983
3983;7545
3991;6920
4035;2483
4037;1736
3608;4037
7439;4037
3048;4075
4274;4075
4119;652
1469;4135
5467;4135
898;4162
4783;4162
6104;4171
4171;7139
6920;4176
64;4194
2637;4274
4280;5914
4280;6840
1874;4283
2576;4292
4304;3655
4315;7061
1;4406
3709;4406
1149;4422
167;4462
3709;4481
7604;4483
392;4484
4484;408
2442;4484
1;4488
8035;4488
4538;107
4547;3565
4547;7226
4547;8139
7118;4570
6341;4577
6875;4577
3330;4596
295;4609
7061;4632
7297;4647
4671;811
1581;4671
4672;107
4890;4672
1782;4679
1855;4686
4686;1884
4686;4886
5155;4719
4723;5365
4761;5311
8405;4761
4776;295
923;4776
1708;4776
4776;5531
4778;3565
4781;7613
4793;6941
4820;1313
4822;4481
4850;7139
4850;7638
1855;4886
4488;4886
4890;143
2656;4923
7238;4931
4954;7769
1245;4962
4862;4982
6586;4982
5380;4996
4996;6429
4996;6586
4996;7279
6104;5009
8214;5009
4365;5011
4857;5011
6785;5042
2020;5045
8117;5045
5046;2991
5046;3031
5046;8288
5072;1673
5072;8212
5089;1790
5101;934
5101;2483
951;5119
5119;8214
4280;5135
256;5187
4671;5187
6433;5187
5209;5983
7650;5209
976;5221
5221;1187
7204;5221
7730;5247
5263;3995
5275;3278
5280;5045
4982;5299
1141;5311
5315;2256
8044;5342
2986;5365
2386;5407
3028;5407
2915;5417
6357;5417
7861;5417
8062;5417
2805;5435
5435;3829
1844;5456
8158;5456
5497;3028
5516;956
3268;5516
5516;7482
5527;8275
811;5545
1134;5545
940;5585
5614;2442
2447;5617
5642;8139
1795;5693
5743;4406
4909;5863
98;5886
4609;5886
5993;5886
5914;3155
4732;5942
5979;5942
5947;5764
481;5960
6305;5960
5960;7638
187;5979
7650;5983
5988;5291
5988;6230
5993;5299
7606;6007
6008;4646
6008;6586
4876;6104
4996;6110
7193;6110
6118;6357
1978;6138
7297;6138
8299;6138
6142;4484
5013;6165
885;6169
6169;2409
2027;6191
6191;7441
543;6239
6268;6439
6291;4406
2867;6309
1903;6339
6850;6341
7115;6357
6372;5045
1141;6385
1617;6385
4547;6385
216;6410
6433;811
1230;6433
1581;6433
4584;6449
5113;6449
6494;3565
6494;6268
6494;6864
6494;7606
3178;6516
5693;6516
6516;6518
2806;6573
6573;5275
98;6586
951;6586
1708;6586
5155;6586
4171;6647
6647;6341
4948;6657
6679;2409
6679;5940
2391;6719
6719;4962
2062;6761
647;6782
2060;6782
2686;6782
4482;6834
6839;1169
6268;6856
24;6864
5221;6867
6875;2479
6875;7638
8267;6875
2612;6926
6040;6926
5866;6946
7038;7024
7053;6341
8415;7053
428;7061
2959;7061
2632;7065
557;7092
7117;342
7117;6926
1953;7118
2047;7118
2805;7118
7119;7833
7134;5993
8267;7134
481;7139
7450;7139
848;7178
7178;8304
751;7189
7189;6946
6494;7226
7606;7226
5467;7233
7233;7203
8023;7233
7233;8299
7238;158
7238;6850
7279;5380
1408;7296
7347;24
7366;536
7366;1136
7134;7366
7939;7366
2782;7391
7391;3155
7391;7955
3608;7439
7439;6110
7440;216
5011;7441
8233;7441
7450;4931
7450;6341
7796;7450
7450;8190
596;7467
1288;7467
3458;7501
7768;7502
652;7504
1852;7504
7089;7504
5866;7514
1136;7528
3612;7530
4694;7530
5764;7538
102;7545
4674;7545
4761;7545
7502;7545
6069;7575
4850;7593
7796;7593
1358;7604
7604;2686
7606;6385
2805;7613
3157;7613
7638;7139
7238;7638
408;7650
1377;7661
4194;7715
7848;7715
7796;158
7796;3344
7797;3514
7797;4954
1613;7802
7802;6946
3105;7816
7816;7833
7953;7848
7861;5902
7881;2757
7890;2883
7193;7890
7899;4304
7939;1136
7482;7955
7061;7986
8000;3829
8023;1079
8028;5942
8035;1884
8035;4686
8035;4886
8084;4776
8139;5311
1615;8190
3678;8190
8190;6573
8190;6880
8191;7115
4674;8214
8214;5299
24;8219
7024;8219
6161;8246
4577;8267
8267;8152
8219;8275
6856;8288
8248;8288
5119;8415
5347;8415
8191;8426
4982;8491
6506;8494
8494;6820
503;8517
4462;8517
4948;8565
411;8621
5863;8629
675;64
1884;64
102;5023
614;125
4374;125
4576;125
1388;187
4700;187
217;3835
5561;217
3835;253
253;4824
254;1889
2148;254
3266;254
254;6339
1697;260
7540;260
337;1860
8153;349
392;384
7540;408
7749;440
614;3538
614;7375
629;7802
654;2332
6304;658
675;7593
1665;699
6965;699
719;872
719;2000
6283;719
8083;719
885;3283
7325;885
885;7514
5145;947
6873;947
7856;973
1067;2362
1755;1185
7831;1185
8589;1185
1218;6418
1262;5380
7684;1329
1340;1466
1347;7839
2809;1373
4999;1373
7518;1373
1373;7684
1388;4216
1428;1230
5023;1428
1463;5778
7831;1613
384;1657
8607;1657
408;1697
5145;1704
6873;1704
6313;1734
4176;1755
1463;1860
5006;1860
5778;1860
675;1884
7107;1884
1889;2809
6636;1936
584;1961
6283;2000
2000;8083
2606;2057
6958;2057
2679;2091
8318;2091
2095;2409
2095;5128
2095;7802
2148;4216
7448;2148
7856;2283
2297;337
440;2332
2409;658
2409;1613
7514;2409
8283;2416
2533;2997
2540;1388
2599;675
2599;1748
3226;2606
2606;7673
5136;2679
2679;8162
2809;392
1884;2997
2599;2997
3132;1704
3266;7758
85;3283
3283;584
3293;217
4824;3293
8477;3293
6304;3322
3322;8375
2091;3377
3377;4694
6078;3488
7758;3488
1347;3538
4374;3538
7375;3538
3565;102
3565;5023
6864;3565
1218;3614
3671;3971
3293;3835
719;4105
4686;4105
1961;4108
2606;4137
6636;4137
3322;4176
4176;5128
4216;7684
2332;4290
7654;4331
4359;392
4685;4359
7448;4359
7684;4381
4383;2026
4484;384
4576;7839
4583;3971
4607;5736
4607;6679
8589;4607
7448;4685
719;4686
2000;4686
8083;4686
2091;4694
4216;4700
217;4824
3835;4824
1262;4973
4999;4484
4685;4999
3115;5023
4618;5023
584;5079
5079;7189
5097;4618
6268;5097
7591;5097
5128;4319
5128;5079
5128;7514
5145;3132
5145;4383
5311;3565
5023;5311
5320;4732
5545;6543
2540;5573
5736;584
5792;2362
5792;2416
1185;5866
5937;392
2148;5937
5937;3266
5943;2283
5943;3971
4108;6002
6078;6339
408;6270
7540;6270
6283;4686
1373;6339
2091;6586
3377;6586
6586;7450
1185;6679
6850;7848
5023;6864
6268;6864
6873;5145
6920;5736
7548;6920
6931;6002
6935;3614
6958;6636
7673;6958
1347;7128
5736;7189
5866;7189
85;7325
7325;5128
7375;2045
7128;7375
7418;3333
7448;6078
7450;6850
7450;7848
7455;3322
5079;7455
7514;7455
885;7510
7514;1755
7514;4607
7514;5866
6304;7514
7540;1025
7540;1799
6679;7548
7802;7548
6463;7565
5311;7591
2599;7593
5937;7680
4999;7684
7749;654
7749;2332
7761;8214
1755;7802
3322;7802
3322;7831
7839;3538
6586;7848
1230;8028
5545;8028
6283;8083
6418;8158
6935;8158
8162;6586
7749;8162
7761;8214
8283;2103
8318;4694
8318;8162
8433;8318
5128;8375
2091;8433
2679;8433
3377;8433
8433;4694
217;8477
8477;3835
5561;8477
8589;885
8589;7548
29;4241
29;5839
1126;46
71;639
125;1397
4331;125
141;1673
141;7955
64;158
1594;158
171;6830
2483;193
2956;193
193;4037
5224;193
7635;193
213;4082
2038;256
256;8287
975;316
341;6701
349;1900
5573;389
4397;501
8120;501
6428;520
534;8133
537;6450
1371;540
5280;596
7905;596
8607;618
782;635
635;885
639;2297
639;4786
675;5470
46;699
720;3278
735;5699
748;584
4166;782
6555;782
1397;791
6166;791
6463;791
5081;827
6621;827
886;872
1277;876
4082;876
876;7112
885;1286
2462;885
886;3593
911;4641
911;4916
938;6691
4537;975
5333;975
7321;998
1065;3518
1065;5697
1065;7943
8482;1065
1093;1884
4955;1093
1117;1996
1117;6212
4354;1124
4628;1126
8189;1126
885;1158
1158;1730
1964;1158
1202;4244
2912;1248
29;1272
5839;1272
7199;1272
1273;3590
6166;1273
1277;4562
6089;1277
8133;1286
1933;1289
5385;1302
1302;8246
984;1309
2657;1309
1312;5396
1312;8321
8525;1371
1700;1397
6166;1397
1497;8115
4862;1538
1538;5342
6270;1538
1592;5188
64;1594
1594;7616
501;1613
1613;8388
8120;1730
501;1781
7112;1781
1594;1782
1782;7616
1785;5534
1821;2271
938;1831
1844;4610
1844;7473
1848;664
1848;1874
5573;1866
5947;1874
7635;1884
5216;1900
1900;7027
5573;1903
6120;1964
1996;6212
2000;7069
2000;7482
2038;501
2038;748
1065;2059
5697;2059
8482;2059
1874;2099
2925;2099
2099;7538
3787;2144
5293;2165
2231;7565
2297;4331
2291;2328
1126;2362
5216;2362
2371;3524
7240;2371
4537;2381
2381;6305
735;2392
2392;5906
6018;2462
2472;7168
3184;2531
4535;2531
8388;2531
5866;2576
8549;2576
827;2585
2585;2912
3045;2599
4883;2657
1037;2683
3278;2683
2692;8629
2699;2000
2291;2742
3274;2742
6166;2835
2850;6920
827;2912
2585;2912
2912;4861
2912;5333
6621;2912
2925;7096
1093;2956
2956;7635
2000;2999
2999;6951
3045;1037
1848;3045
3053;1913
3065;8536
3119;2409
3122;1397
3122;8084
8324;3122
3698;3142
4524;3142
3681;3184
3254;5031
502;3274
3274;1087
2291;3274
4886;3278
3278;5942
6046;3278
3297;8189
6450;3320
2295;3344
1270;3361
3361;2925
6960;3361
3361;8080
1272;3419
1866;3472
3475;4753
6063;3475
3487;2576
4354;3500
6413;3518
8084;3518
2362;3523
3524;2371
1856;3555
3590;3518
3596;6741
1277;3614
6018;3678
8287;3678
4535;3681
7116;3728
5441;3787
3834;782
3882;984
3887;64
3887;1782
3920;7479
8035;3920
4700;3980
5187;3980
658;3991
1093;4037
2483;4037
7635;4037
1286;4082
4911;4082
8120;4082
4121;2059
4141;2547
4166;7312
4167;3338
4179;6790
860;4241
4241;3419
7;4244
4244;1678
4292;256
4331;4911
5940;4331
5808;4354
6973;4383
1831;4515
3698;4524
4535;8388
4562;5280
4585;7451
4610;4857
4610;5475
3297;4628
4641;4916
4664;7189
4688;3320
7;4699
46;4708
4708;4015
4753;1848
4753;8246
4786;5940
2027;4801
3045;4801
4801;3184
4857;4488
5293;4857
6194;4861
4732;4862
4886;2271
2657;4886
3053;4889
596;4908
4908;1397
2483;4955
4955;2956
4955;4037
6935;4993
5031;7230
5031;8052
984;5036
5036;5441
8525;5036
998;5050
1273;5050
5050;3518
6015;5050
5081;6621
5128;7802
5135;2271
2959;5187
8607;5187
5188;6191
46;5216
5216;349
5216;4708
5224;7635
5280;1158
5293;2574
6059;5333
5333;8353
226;5342
596;5347
4397;5347
2146;5385
5385;5801
2657;5396
8246;5470
8551;5475
5495;4699
3472;5534
5534;4700
5573;618
5697;1996
2835;5697
5697;6463
5699;4753
5762;6194
5762;6305
5799;886
5799;2027
5825;2599
2472;5826
5826;6691
5839;3419
5839;4241
5906;1037
6589;5942
7314;5942
7565;5960
7479;5979
6003;1567
7581;6003
8482;6015
6018;4908
860;6044
7116;6061
6063;5799
6073;1960
3555;6073
6089;5347
6120;1613
3122;6166
6166;7412
6169;7189
6169;7678
6182;6830
1844;6191
5000;6191
6191;6685
6194;975
4121;6212
5826;6212
6270;226
6270;5342
6283;1187
6283;7441
389;6305
2959;6305
4537;6305
6305;6586
6182;6421
6463;3122
6463;7412
4585;6549
6555;1730
1866;6556
6462;6556
272;6586
8320;6586
3596;6589
6609;1187
3694;6609
6609;5188
5825;6609
6621;2002
1273;6647
2472;6691
2000;6701
8569;6725
6741;6046
7168;6790
6824;3500
6824;4354
6270;6834
6854;4331
6854;5280
7325;6920
7864;6920
6933;675
6973;639
1248;6993
8353;6993
7027;1126
7069;6701
7069;6951
1371;7095
7095;5825
4515;7096
5947;7096
7096;7441
1631;7115
2188;7115
7116;7168
7155;2742
1960;7168
1185;7189
7831;7189
4241;7199
5839;7199
8536;7204
3254;7230
8052;7230
7240;2371
4515;7314
5396;7314
8080;7314
7321;7000
6679;7325
791;7412
860;7425
7431;3523
7431;4628
5216;7431
8321;7441
4524;7451
3681;7479
4535;7479
2999;7482
7483;748
7483;6089
7554;3500
7554;6824
8018;7554
7565;1397
7483;7565
1093;7635
7652;5441
318;7678
751;7678
7694;1270
7694;5036
7694;7538
7719;1900
7719;3523
1831;7805
7864;2576
6973;7905
7943;3590
7943;5050
7943;8324
8111;7955
7975;720
5799;7975
2059;7992
3122;7992
6015;7992
8018;4354
7955;8080
8084;2059
8111;4753
8115;5475
7617;8115
584;8133
8133;1781
8170;5866
8170;6679
46;8189
8189;2362
8189;4708
7719;8189
8190;226
2144;8246
3614;8287
618;8320
8337;748
1989;8337
8388;3184
5979;8388
6413;8482
8536;1302
8536;1874
8536;7805
8551;3882
938;8569
3472;8607
8607;6586
8629;720
5801;8629
8447;98
145;7106
7139;145
2956;193
1585;243
193;386
4283;391
437;4855
522;2304
522;4694
675;193
675;5940
1613;788
895;828
436;1148
2956;1148
4911;1148
1148;7593
1331;1187
1331;5075
1397;3254
3971;1397
4283;1397
1512;4073
5280;1512
1585;2035
5574;1585
1613;3678
1148;1736
4562;1779
1884;1736
1884;8190
2035;243
3849;2035
2283;3971
6324;2283
7504;2283
2533;1736
5940;2533
3521;2599
2731;7106
2867;1100
2867;4570
8447;2867
2956;675
2956;1884
1657;3076
3254;3076
2841;3242
436;3278
838;3479
2731;3479
3479;4850
3479;7053
3479;7228
1748;3521
4481;3521
3521;6685
6433;3799
3849;1585
3849;8260
4047;5475
7565;4047
4602;4073
3521;4082
675;4283
4283;2283
3220;4346
8578;4346
522;4399
4399;6018
2867;4419
7023;4419
3278;4481
7839;4562
2304;4694
2731;4850
5311;4855
6203;4855
4855;7006
4877;838
1397;4955
4955;7479
7504;4955
7189;5050
1657;5072
5072;7479
788;5075
5280;5552
1187;5347
5018;5473
5489;5475
5489;7565
4602;5552
6272;5574
8355;6017
522;6018
3840;6018
3254;6049
7678;6049
102;6203
6272;1585
6272;3849
6324;4331
6691;6324
6433;828
6433;895
7665;6433
1657;6685
4955;6685
6840;1397
4331;6840
7006;102
7006;5311
8447;7023
838;7053
2731;7053
3220;7070
4850;7106
7106;7139
3521;7189
145;7228
7238;386
436;7450
5347;7450
391;7479
7565;8021
2599;7593
8190;7593
4911;7638
7638;7189
7665;3968
7678;1397
5940;7678
8021;4047
1235;8059
4911;8059
6272;8260
8267;2283
1779;8355
6196;8355
8578;3801
16;80
16;5258
25;5778
7747;46
8617;46
80;941
80;5258
239;3264
308;4536
390;105
390;5943
1643;441
548;5275
719;1513
16;941
941;1732
1021;4681
1021;7637
1081;1757
1081;4479
8212;1081
1099;3648
2283;1286
4955;1286
1286;5136
2270;1293
3404;1293
1462;2721
1655;5360
16;1732
80;1732
5258;1732
1732;7002
1152;1757
6528;1929
16;2015
80;2015
105;2045
2045;390
5943;2045
2088;2853
2144;2536
5678;2144
5407;2165
2270;1293
2533;2271
3681;2271
2271;5441
1286;2295
5136;2295
2348;6570
2386;2536
2386;2707
3681;2533
441;2536
5407;2536
5578;2536
3977;2707
3105;2805
2853;3648
2888;3052
3202;3155
6157;3155
6731;3155
4479;3202
3202;5275
3209;2536
3209;5578
1655;3264
3264;3648
3268;2144
3298;5016
3313;5051
6528;3313
2348;3321
763;3394
2665;3394
3394;3155
5733;3394
1293;3404
3455;591
3455;8256
8285;3455
3298;3499
4479;3499
2155;3507
2847;3507
3637;3202
1655;3648
8347;3648
3681;2999
4515;3681
3901;3313
5510;3901
1643;3977
3980;2847
2155;4092
2847;4092
4182;5407
4212;1757
2666;4279
3648;4329
7799;4479
2999;4515
4515;4753
4515;6840
4536;3394
5086;4585
4658;763
2096;4658
3264;4664
3313;4664
5510;4664
5441;4753
4753;6840
5136;4955
4955;6089
3105;5008
3202;5016
3901;5051
5051;4329
3499;5066
5016;5072
5086;1462
6089;5136
5136;8190
941;5258
5258;7002
5275;7110
5317;2088
6528;5317
2805;5357
3321;5360
5360;4664
4681;5360
6570;5360
5407;2144
2707;5407
3681;5441
4515;5441
5501;4279
5578;5002
5578;5678
1513;5646
5646;6418
3977;5678
1757;5733
6867;5733
4212;5764
5778;2853
4681;5778
5879;591
5879;8291
5879;8326
441;5912
6533;5943
5646;6283
2386;6345
6345;3209
719;6418
8569;6418
2035;6444
390;6533
6533;2045
6533;3001
7871;6564
6570;4329
3105;6594
548;6731
5733;6731
6731;7799
4536;6867
941;7002
1513;7011
1246;7107
6962;7107
7107;7593
2368;7110
2721;7453
5086;7453
1410;7719
8617;7747
3298;7799
4536;7799
8005;6444
2295;8190
4955;8190
1152;8212
7799;8212
4287;8256
5879;8256
8285;4287
5879;8285
3455;8291
8326;8291
3455;8326
8285;8326
1929;8347
2386;8564
8564;5678
3507;8597
4092;8597
5140;8597
46;8617
1;4696
3063;16
16;3264
5963;42
63;8256
6560;98
3404;102
4959;184
7504;193
376;235
235;1884
256;5023
2566;326
326;3381
326;4877
326;4973
336;16
4769;336
5825;336
7412;386
3952;391
7450;391
1707;392
7065;392
456;3705
1654;486
2566;522
3712;603
3712;639
647;5983
3288;675
3476;675
3705;675
6230;675
1187;690
720;5419
6212;720
6270;720
8449;720
3420;729
392;746
5089;746
782;1718
876;6849
876;7676
4870;895
226;954
954;639
975;6880
1779;1098
5299;1098
5598;1098
1837;1100
1144;5774
1187;4732
6864;1187
1256;3193
1305;647
3356;1305
1331;2434
7217;1373
3254;1397
4920;1397
5848;1462
1462;7453
1482;1903
4538;1530
1530;8028
1748;1563
1563;6691
408;1594
1594;1373
1594;2271
3476;1594
4714;1718
5530;1718
1086;1728
1732;3678
3013;1736
5187;1736
1383;1746
1746;2277
1811;2956
1811;5082
1811;6018
1811;7504
1825;5072
1825;6208
1825;7959
1848;5419
5919;1863
1863;8059
1736;1903
3521;1903
4138;1903
235;1964
647;1996
8267;1996
7750;2002
5531;2013
2042;6806
2047;3242
2771;2138
2138;7165
1848;2165
2879;2165
5183;2165
6458;2224
2042;2225
2434;2225
2250;895
2250;3918
5919;2256
2256;6693
8341;2256
1884;2271
2277;1019
6220;2277
2304;1373
2304;4375
2478;2335
2335;3678
2353;4331
2304;2434
2434;4577
3356;2442
2442;5082
5089;2442
2442;7230
2462;1704
2478;184
5359;2478
2530;728
3712;2533
1482;2536
2442;2536
2560;3443
5347;2560
522;2599
2599;1732
3013;2599
7106;2599
2632;5472
2663;1657
3816;2663
1728;2699
5359;2699
8256;2699
2773;5773
2773;7366
8308;2773
2824;1158
2879;2632
2879;5627
3902;2956
3981;3013
63;3027
3063;336
2002;3063
6806;3155
3155;6926
8051;3155
3193;2224
486;3254
3712;3254
336;3264
3264;2002
3356;1863
3404;256
3404;4723
3415;876
3415;7596
2150;3420
1746;3439
3439;4171
8479;3451
173;3507
3330;3507
8041;3521
4538;3565
3678;1373
7165;3678
3678;7366
1657;3705
3705;4481
1452;3712
3768;1126
4870;3797
3816;3507
5260;3816
4037;3887
8343;3887
193;3902
2304;3952
5472;3952
4019;6458
7450;4037
4037;8343
4073;1331
3712;4073
4135;2271
4135;4920
2277;4138
4138;5598
7905;4171
4208;4331
4300;6458
4331;2684
6449;4375
4383;5933
7832;4383
1482;4432
4432;1746
5316;4432
4481;7925
4484;7479
895;4529
4538;1305
4538;5983
4559;4003
3155;4577
5005;4609
4694;1126
5530;4714
4723;256
5023;4723
4745;4138
1530;4753
4753;1884
6230;4753
4769;2002
4769;3063
4769;3264
4870;4529
4876;6880
647;4877
4877;954
4883;4432
4911;6208
7065;4920
4959;2335
4959;2478
3288;4973
7881;4973
1867;4994
4249;4994
7065;5072
5072;7119
4073;5082
5848;5086
7453;5086
603;5183
8041;5183
6220;5187
4001;5244
5244;8611
5254;8041
376;5299
1746;5311
5311;8177
5316;6844
5316;8177
876;5333
4171;5333
5333;5531
5337;3451
675;5342
5347;5963
7939;5347
5394;3013
5394;8337
8006;5415
5425;2599
522;5467
5467;4577
5467;4876
5472;4973
3952;5475
5475;6208
782;5530
6778;5530
1848;5531
6208;5531
1654;5545
5598;7881
5530;5602
7439;5614
1144;5623
5623;5347
1811;5627
5627;3902
4862;5627
6018;5627
2771;5773
3565;5774
5865;5774
3063;5825
4769;5825
5850;4
5850;8465
2771;5865
5623;5865
5875;1019
5875;5311
5893;2295
4003;5893
5531;5919
5933;4208
7023;5933
1884;5942
5614;5942
2956;6018
6018;3902
7228;6049
6165;4577
6181;3439
8041;6181
8051;6181
8079;6181
675;6208
1863;6208
6548;6212
6795;6220
7228;6230
6270;5299
639;6328
2165;6328
6331;4694
6346;1825
6394;2353
6449;2560
1452;6451
1158;6458
6458;6849
1452;6525
6560;226
6560;6844
8447;6586
6693;3507
6693;7230
5602;6778
7502;6806
8337;6834
6844;2013
6844;2849
6844;4753
8079;6844
6849;4019
6850;3254
8552;6864
6864;6880
7119;6962
4677;6993
1530;7053
2560;7053
2335;7063
486;7065
5875;7065
7065;5942
954;7106
4696;7106
7119;975
7959;7119
8341;7119
3254;7139
7139;4732
5311;7139
7063;7165
8308;7165
7168;1187
7168;2536
6795;7217
5919;7228
7230;1397
7217;7230
7905;7230
1;7238
184;7366
2138;7366
2335;7366
5773;7366
6449;7412
7901;7412
7439;7134
7450;4037
4375;7450
4732;7450
5848;7453
6220;7479
7502;1825
7502;5342
7502;8062
4862;7504
7504;6018
1837;7518
5210;7518
8552;7528
7596;4208
4383;7596
4994;7596
3476;7638
6049;7638
7676;3887
7678;386
1305;7678
7750;16
3063;7750
7750;4769
7711;7832
7881;5545
7901;7450
2879;7905
7905;6850
7139;7905
7925;7053
7935;1127
7230;7939
7959;720
8016;3887
8016;4037
4359;8028
8028;7139
8041;5833
6525;8041
2442;8051
8051;7439
639;8062
8062;4876
8062;5812
5683;8079
8079;7065
7676;8084
8016;8084
6844;8177
7881;8177
7217;8190
8263;2552
8267;7168
8308;2138
8308;2771
8321;42
8321;5475
1707;8341
7676;8343
3816;8447
8449;1331
8449;1779
1996;8449
5260;8552
8552;5311
8585;5598
231;6573
2918;256
256;6339
8242;260
272;8103
3443;391
1952;392
397;4019
408;3132
4907;408
7637;614
699;5482
6012;823
7027;823
662;895
895;4162
662;898
2678;929
929;3915
6715;929
941;5337
965;147
6462;1045
3648;1099
4279;1099
1681;1219
4700;1230
1286;7848
1289;1230
1289;1779
1289;2442
1329;4674
5614;1373
8321;1390
1428;741
1509;6850
1573;6271
1623;1410
256;1779
6270;1799
2956;1884
1884;2997
6165;1884
1903;228
4907;1952
4423;1964
7835;1964
7041;2042
2678;2103
2103;3915
6715;2103
2129;2581
6962;2271
2362;3523
929;2364
2531;6685
2536;6685
929;2581
5531;2581
2678;2581
2678;6350
2678;6715
3648;2853
5106;2853
1289;2918
3521;2956
4911;2956
3037;5315
7041;3037
6054;3041
3254;1884
4911;3254
3264;3521
6946;3443
3451;4920
3451;6875
3521;4911
3523;1331
6560;3562
4664;3648
3653;4920
3784;6875
2129;3915
3915;2364
6350;3915
928;4019
5310;4073
4162;898
5975;4162
5731;4201
6631;4201
4282;4423
4282;7423
3268;4283
4712;4399
7158;4399
4404;5187
4423;450
4424;8224
4457;1594
2909;4457
1906;4550
5051;4664
3037;4674
3037;4700
7197;4712
7447;4732
7027;4773
4812;4331
5094;4847
4911;5299
5441;4911
5258;4920
6220;4920
7901;4920
2442;4973
4973;5187
6196;4973
4990;6339
5051;7637
5064;8325
5094;4399
5094;6758
5094;6832
7158;5094
5106;3648
5106;5051
6631;5187
228;5197
7541;5258
5299;2956
5299;6701
4700;5315
2099;5342
2533;5342
4283;5419
5441;3254
5926;5441
6701;5441
5482;2581
7107;5482
3523;5531
3246;5614
6196;5614
1594;5623
5641;1906
5731;8325
5762;1964
5762;4423
2271;5764
5764;2997
5299;5926
7479;5942
5960;1884
5975;895
823;6012
1356;6012
6012;4773
6038;8121
6691;6049
8246;6049
751;6054
6105;4329
6226;6119
8340;6119
6191;5419
6196;7504
6197;6105
8224;6197
662;6289
5975;6289
6305;3653
5337;6305
6328;5623
7714;6328
6556;6339
6815;6339
6339;7650
929;6350
6350;2103
6715;6350
6350;7761
8188;6379
7638;6388
6860;6451
1289;6556
4019;6573
4331;6573
8611;6647
2997;6691
7096;6691
4911;6701
6701;5926
6715;2129
6715;2581
6715;3915
6735;1874
6758;4712
6758;7158
4404;6815
4973;6815
6556;6815
6832;4712
6758;6832
6840;7848
2824;6849
4814;6849
8188;6850
6875;1390
6875;1874
1286;6946
6946;7848
7901;6946
6962;1512
2536;6962
6850;6962
823;7027
1356;7027
7027;4773
7041;5315
7041;6462
8388;7096
7107;7593
6165;7119
7158;4712
7158;4847
7158;7197
7197;4399
5094;7197
6758;7197
5187;7416
8337;7423
7479;5960
6268;7528
7559;6462
1509;7591
6388;7593
7593;7848
5072;7616
4279;7637
2364;7761
6715;7761
7829;4329
7835;450
7835;4282
7423;7835
7848;1286
5482;7848
6388;7848
7848;6946
8188;1512
7829;8224
1025;8242
7518;8242
5365;8277
5762;8337
8382;1594
1289;8447
6268;8447
6560;8552
4019;8611
8285;49
2903;82
1530;102
4465;102
105;5943
105;7800
114;2033
6385;114
1613;217
6834;226
7635;226
8621;226
249;193
249;748
4297;260
304;2799
304;5013
6194;304
6096;391
7518;391
3593;591
6850;596
5218;720
4465;748
750;7747
662;898
1484;954
8246;954
6718;1025
1035;8035
8202;1035
2042;1100
8597;1219
4421;1248
5578;1248
1219;1286
4216;1286
1137;1309
1374;4092
3782;1431
1431;6096
5574;1470
1483;3388
1483;4356
1484;5221
1526;4960
6951;1533
4287;1553
1553;7856
5516;1570
5342;1594
1594;8616
8157;1613
1657;2479
1657;2689
2089;1673
3275;1673
1716;82
1716;1553
1483;1752
1752;3388
1821;5011
102;1852
102;1880
8580;1944
5223;1979
2010;4958
5853;2010
2033;2395
5976;2033
8486;2033
304;2042
2799;2042
5013;2042
6194;2042
105;2045
2098;2389
2098;3707
4342;2098
5359;2098
7652;2099
2190;8629
4342;2215
2215;5359
2283;1594
2283;7107
8616;2283
8177;2339
2389;2215
114;2395
8486;2395
2442;1219
2442;1286
2442;5140
1373;2479
2689;2479
6462;2479
2483;1286
6866;2531
2551;4610
8178;2551
1594;2581
6462;2689
8285;2716
1248;2773
2101;2773
2773;5254
7063;2773
7856;2773
2959;2799
2799;6228
7517;2807
2847;3443
2847;4092
6718;2847
2903;1553
2903;2101
2991;1025
8175;2997
3052;7747
3119;5510
1137;3278
4448;3278
3288;1289
3288;7986
3313;5106
5510;3313
3313;7637
3388;8321
8156;3439
260;3443
1374;3443
7709;3488
3501;6018
4381;3507
7914;3694
2098;3707
2215;3707
3878;3707
5359;3707
3782;3507
8291;3787
7915;3878
3902;8059
3980;386
1373;3980
3997;7633
1863;4037
3488;4092
4488;4120
4165;1037
4194;7715
4216;2442
4235;409
6303;4235
82;4287
2903;4287
4165;4294
4297;1374
2098;4342
4342;2389
4342;3707
5359;4342
1752;4356
3388;4356
4356;7482
6349;4381
4421;2773
5578;4421
4421;7760
675;4448
3439;4448
4465;2033
8525;4488
2807;4515
3694;4515
1553;4576
2903;4576
4576;6899
1484;4610
4448;4610
6579;4610
4610;6880
4610;7652
8035;4857
2483;4862
1431;4931
3488;4931
7518;4931
1533;5002
5002;6880
5011;7096
8035;5011
6228;5013
5106;217
2830;5106
6330;5106
5135;8246
2679;5136
5140;1286
3488;5140
4216;5140
5221;8233
5223;2991
6958;5223
5359;3707
4342;5359
2088;5360
5456;2101
5456;4287
7856;5456
6330;5510
5516;1309
6718;5534
8157;5561
5578;5254
5990;5580
1615;5623
4294;5623
5623;8035
5625;2904
5627;249
2724;5774
409;5853
5853;6821
4165;5914
5918;8242
8177;5942
5943;3001
114;5976
5976;2395
5990;1102
5990;4348
7518;6096
6161;1035
4488;6161
7955;6161
3694;6191
7165;6191
1697;6270
1896;6270
2479;6270
2991;6270
6319;2679
6349;2847
6349;3443
4297;6349
5976;6385
6391;3288
6462;1657
6579;8156
8204;6586
304;6815
4171;6850
1530;6864
2033;6864
3878;6866
720;6880
1553;6899
4421;6899
7760;6899
7856;6899
3782;6946
2807;6951
6958;8242
5976;6973
6319;7043
7063;1248
4421;7063
7063;5578
1035;7096
7129;675
7129;7391
7139;4082
5531;7139
3878;7165
7220;3119
1821;7391
7391;6161
3388;7482
7633;7482
7517;2089
7517;5221
7518;1431
7546;7871
8621;7635
187;7638
7337;7654
2357;7666
6821;7666
7709;391
7747;147
2314;7747
3052;7747
7747;4014
7760;2773
7760;5254
7760;7063
7800;3001
5774;7848
7856;2101
4287;7856
7914;6191
2190;7955
5002;7955
6391;7986
2531;8035
8035;5002
8035;5623
8629;8080
8138;898
8156;7914
8157;3313
7220;8157
1736;8175
596;8190
4610;8202
954;8212
8214;8177
8246;1035
6866;8246
7165;8246
8285;591
8285;3593
7391;8291
4958;8341
4254;8343
2033;8486
5976;8486
6973;8486
8597;8491
8525;2190
8525;5135
8580;3424
8592;4348
8621;4862
8629;3694
7915;8629
5879;49
6162;49
4375;128
431;193
204;1382
1382;220
235;2256
2035;243
296;4351
5642;391
409;4732
872;413
2074;431
525;3222
525;4413
5879;591
6162;591
8381;591
5217;603
3306;639
3518;639
667;1814
733;3614
2609;748
797;8486
733;872
872;2297
3614;872
147;965
447;1143
1189;6295
1189;8285
1189;8291
1191;3147
7245;1191
8546;1191
3048;1244
1244;4686
1259;6548
1262;6270
1382;296
1382;1799
4056;1405
4529;1405
5858;1405
1419;6029
7161;1419
243;1470
3887;1594
1594;7616
667;1627
1627;1814
1627;3045
2553;1683
3306;1683
1730;748
7083;1749
6808;1799
7327;1799
431;1811
5663;1814
6115;1814
5625;2074
2123;1191
7245;2123
7949;2157
2224;5342
4446;2270
6089;2297
2438;2314
2329;8190
2364;2416
1749;2438
2438;3775
7083;2438
4080;2462
2513;6764
2513;6973
2673;4960
1246;2683
667;2699
5663;2699
5826;2742
2766;638
2766;1244
3048;2766
4686;2766
2812;5377
2819;7949
2864;2839
5217;2959
3004;1405
5663;3045
6115;3045
3052;965
2888;3052
3147;2123
6141;3222
616;3257
2416;3260
4008;3263
3263;6946
5407;3268
2864;3395
3467;4037
3467;8547
1259;3488
6548;3488
3510;4088
4025;3518
3644;1182
3704;1182
7;3728
1749;3775
3775;7083
3849;2035
3887;1512
7616;3887
876;3938
3946;1683
3946;3263
5531;4037
5598;4037
4056;4529
4056;5858
4136;4063
4136;4375
220;4381
4351;4381
7327;4381
797;4383
4414;4375
6313;4446
8527;4446
6484;4529
4414;4566
4631;2438
4686;3048
5417;4686
8379;4691
3257;4744
1280;4775
4744;4863
5860;4863
6949;4863
1419;4898
4691;4924
5173;4924
8379;4924
413;4955
4955;733
872;4955
1191;5057
5057;1280
4775;5057
7245;5057
550;5072
3946;5072
3076;5082
5097;256
5173;876
2128;5173
5314;5187
7655;5270
7988;5270
5342;6946
5407;3268
5764;5407
7296;5425
5425;7890
2032;5467
5896;5482
6395;5482
5503;3292
5590;5531
5574;1470
5574;3849
2329;5598
5590;5598
7001;5598
667;5608
5608;6155
5425;5642
5663;1627
3268;5764
5764;5914
7299;5764
5826;6693
5858;7533
7745;5896
8246;5896
5625;5942
2032;6011
4898;6029
4063;6049
3614;6089
6089;4955
6115;5608
5663;6115
2462;6123
1814;6155
6155;7391
639;6270
1683;6270
6295;591
6162;6295
8285;6295
2270;6313
6313;8527
3467;6391
6391;5598
6429;193
3004;6484
5858;6484
3260;6532
5018;6537
6585;6548
797;6573
6573;4863
6585;3488
7161;6607
3436;6647
8586;6647
6723;4037
6723;5531
6736;639
6184;6736
6764;4446
6764;6313
6808;220
1382;6808
6946;2395
6764;6973
5187;7001
7253;7001
7245;1280
3147;7245
7245;8546
7296;391
5914;7299
7327;204
296;7327
1627;7391
2699;7391
7533;4056
7533;6484
1262;7711
7711;2395
7711;8246
2157;7746
2932;7890
7296;7890
7920;1811
5679;7939
7001;7939
872;8158
3614;8158
4955;8158
6089;8158
7746;8190
6949;8246
8285;49
8285;591
5879;8291
6162;8291
1568;8349
3260;8349
5173;8379
3306;8486
8486;6573
8547;7676
8584;3623
3395;8587
1594;8616
