341;265
333;300
199;151
370;301
636;4
373;260
424;302
368;303
117;304
332;305
336;87
257;306
260;265
301;307
4;303
379;300
302;87
405;151
304;305
306;238
303;300
265;307
87;151
305;238
300;151
238;307
151;307
809;308
74;61
353;309
381;310
51;311
339;312
613;313
24;79
375;314
346;315
136;316
60;317
1047;318
360;63
352;319
335;144
310;312
79;313
61;308
316;314
315;309
318;319
317;144
63;311
313;319
312;308
311;309
314;144
319;308
309;144
308;144
153;320
347;321
372;158
334;322
398;323
355;62
361;324
1048;325
261;326
167;23
1049;327
345;328
321;329
327;323
320;23
331;62
326;158
324;30
325;322
328;140
323;30
322;62
158;140
23;329
30;62
329;140
140;62
133;147
444;57
343;330
620;331
385;332
388;98
356;314
1050;333
372;334
311;246
344;23
355;304
333;331
246;23
0;334
376;314
147;57
98;330
332;93
127;304
334;331
314;23
304;57
330;93
23;331
57;93
93;331
424;335
136;265
317;336
417;337
447;306
34;338
353;216
4;199
1051;79
61;300
315;329
62;302
337;216
352;335
199;329
265;102
302;338
336;300
341;79
306;117
216;102
335;338
117;329
79;300
102;338
329;300
300;338
613;265
74;151
140;305
440;339
20;98
323;87
368;117
359;64
57;308
127;301
34;340
417;136
311;332
421;238
367;341
392;30
335;336
326;68
416;342
261;62
376;343
363;310
327;85
312;306
320;199
434;344
358;345
385;307
360;26
445;346
617;147
1052;10
379;246
1053;334
372;321
331;61
388;49
316;216
424;347
809;348
23;349
79;0
381;350
406;351
158;314
337;43
302;352
51;353
333;354
133;81
169;355
447;356
260;102
1054;317
382;338
399;144
167;63
257;330
329;24
4;304
300;60
315;95
319;309
370;93
345;310
346;117
340;64
62;339
332;10
87;305
343;68
147;30
306;336
98;151
199;26
344;341
85;308
136;307
342;238
301;265
0;321
356;352
354;309
246;347
24;60
334;216
353;102
330;93
144;81
351;49
338;304
349;63
61;348
314;350
43;355
317;95
310;305
117;339
308;238
68;64
265;341
10;307
336;26
151;30
348;355
216;309
49;102
350;304
347;321
93;60
352;81
63;95
339;30
341;26
64;305
307;238
102;60
321;95
309;355
81;304
238;305
26;30
355;304
60;95
305;30
304;95
30;95
4;329
24;308
811;357
311;169
49;337
401;62
57;330
619;323
343;306
409;345
617;28
338;63
62;351
169;308
337;330
345;336
323;63
28;10
357;358
306;329
330;351
336;63
308;10
329;358
351;63
10;358
63;358
371;359
385;159
153;318
104;344
125;360
808;361
260;328
257;362
427;320
373;68
398;363
405;364
360;363
335;361
318;320
68;359
364;352
362;328
344;144
339;159
320;361
359;159
144;328
363;352
159;361
328;352
352;361
353;246
1055;147
51;313
372;365
1056;366
1057;87
15;136
326;167
23;261
20;64
346;348
445;85
246;365
34;313
147;348
64;117
167;261
87;136
216;85
366;43
117;261
85;365
136;43
348;313
365;261
43;313
261;313
427;367
51;368
1058;125
104;24
347;319
334;315
385;199
328;61
98;144
361;369
398;260
613;341
61;319
352;315
125;341
260;309
339;24
369;368
367;144
102;199
24;368
341;315
199;144
319;309
368;315
144;309
315;309
310;74
302;68
133;151
1059;370
333;371
395;372
167;314
318;169
360;353
408;119
301;20
342;373
314;216
169;371
127;372
353;119
74;370
151;68
373;140
20;0
371;216
68;0
372;119
370;140
216;0
119;140
0;140
366;79
4;60
57;350
147;64
330;34
317;136
117;338
28;351
43;374
389;375
63;323
358;308
261;336
194;23
343;238
345;95
79;351
136;60
350;64
336;308
323;338
375;238
34;95
374;23
60;351
308;238
23;95
338;64
351;238
64;95
238;95
403;304
324;133
301;370
636;376
372;127
151;377
246;314
310;333
400;378
388;379
257;302
810;353
68;332
74;20
0;380
169;93
133;353
127;314
379;333
376;377
302;332
20;380
378;304
93;370
353;333
377;314
380;332
304;370
333;314
332;370
314;370
158;336
346;49
389;381
147;375
326;325
345;330
1060;318
348;62
811;323
167;4
137;117
311;28
381;336
323;358
331;49
4;330
62;375
117;28
318;60
43;325
49;330
336;60
375;358
28;325
60;330
325;358
358;330
24;320
385;352
361;355
199;61
104;30
319;369
125;102
363;153
360;347
344;341
328;98
334;368
613;315
398;339
260;144
367;309
368;341
352;320
339;315
369;98
355;102
30;144
347;61
153;309
98;320
144;341
309;61
315;102
320;341
102;61
61;341
310;302
127;151
308;57
372;140
0;301
337;216
119;332
133;304
4;93
376;373
400;382
61;341
388;79
403;309
342;350
1061;314
373;304
301;302
341;151
332;309
314;350
382;79
216;140
57;93
79;302
151;350
304;140
309;93
302;140
350;93
140;93
824;34
158;311
51;331
434;23
136;85
340;329
63;312
613;317
147;323
381;375
15;358
325;343
87;330
238;346
167;353
401;336
323;331
329;312
317;343
330;358
336;353
34;311
85;375
23;346
312;331
311;346
343;358
353;375
375;358
346;331
358;331
363;24
361;368
626;383
369;199
1062;104
367;320
360;347
398;384
355;385
359;319
125;260
328;386
104;199
368;24
383;102
384;98
319;320
386;352
144;260
347;385
199;98
24;102
385;260
352;320
98;102
260;320
320;102
49;169
377;380
343;260
68;348
133;312
372;311
246;367
333;338
319;61
261;257
337;332
151;368
329;387
826;302
334;347
330;353
340;85
301;144
20;147
370;373
28;327
62;323
136;321
403;388
314;74
310;355
317;300
360;199
392;389
326;356
422;381
158;4
348;60
311;309
332;98
353;140
102;169
308;380
316;338
336;347
302;331
257;216
260;339
238;61
387;375
352;312
367;304
117;323
127;144
356;34
305;74
355;57
81;388
373;79
358;327
345;199
368;95
4;0
321;30
389;379
341;85
381;376
300;93
350;147
216;169
375;95
338;339
331;312
61;380
347;140
309;98
60;304
144;323
30;34
388;199
57;93
147;379
327;0
74;85
376;79
380;312
98;304
323;34
339;140
169;95
199;93
79;0
85;379
140;312
304;95
0;379
34;93
312;95
379;93
95;93
343;23
151;147
246;334
317;390
321;348
380;323
62;301
314;306
823;303
385;169
403;320
4;329
395;391
68;392
319;20
85;302
136;332
300;340
810;393
133;199
381;310
315;353
355;24
311;338
260;367
313;327
360;333
337;372
409;382
158;261
1063;87
347;370
351;147
331;303
391;375
320;341
390;379
323;30
63;169
306;119
81;329
308;392
79;302
301;304
117;20
334;127
23;93
348;238
199;312
336;332
338;350
305;370
353;57
340;60
261;330
24;61
372;0
95;382
393;102
310;140
216;333
327;376
87;339
367;307
303;304
302;147
329;375
392;30
119;93
238;169
20;127
341;379
333;339
382;61
0;332
102;307
330;140
376;312
57;350
60;370
30;127
147;304
169;379
375;93
61;339
332;312
370;140
307;350
304;127
379;93
140;339
312;350
93;127
339;350
350;127
617;394
167;355
424;395
61;354
342;370
388;68
133;347
340;260
1063;151
736;319
373;333
356;380
347;355
354;68
0;319
395;307
370;333
151;380
394;127
260;376
319;355
307;68
376;380
127;333
68;355
380;333
355;333
329;62
381;63
265;396
23;313
317;397
348;361
316;310
325;153
409;24
812;352
1064;147
335;4
334;305
64;372
321;346
34;166
352;397
361;62
396;153
24;63
313;147
166;310
372;305
4;346
310;147
62;63
397;153
346;305
63;305
147;153
305;153
382;330
389;4
321;338
314;331
302;352
23;308
49;312
60;119
1065;379
367;81
51;117
313;315
332;311
335;323
336;398
216;62
98;61
329;79
343;317
325;102
319;341
305;64
169;63
355;34
308;309
358;4
323;238
311;351
117;350
338;119
79;331
62;330
102;317
312;81
352;34
341;63
24;64
398;379
315;26
61;30
331;351
317;350
34;238
81;309
4;63
330;26
379;30
64;119
351;238
309;26
30;119
63;350
238;26
350;119
119;26
320;329
355;346
1064;367
158;100
302;385
343;24
359;311
73;68
322;98
4;199
613;361
368;366
314;319
397;395
325;62
147;399
100;351
367;79
373;346
68;331
98;216
119;24
62;238
399;309
81;366
319;365
385;352
361;26
341;311
329;339
199;330
395;153
79;366
365;309
352;311
346;238
216;339
24;26
330;351
153;331
309;311
238;339
366;26
331;351
339;311
351;26
311;26
372;306
313;398
414;349
261;315
87;400
415;317
321;401
136;348
335;310
381;64
822;316
1066;20
336;398
400;317
63;349
316;315
20;64
332;310
348;401
358;306
317;398
310;64
349;315
401;306
64;398
315;306
306;398
62;402
369;300
355;370
395;361
383;84
815;322
356;347
338;147
23;403
352;368
153;311
199;320
300;305
402;147
117;370
368;84
403;361
140;311
347;339
322;320
361;311
305;147
84;370
320;339
311;147
339;370
370;147
87;326
229;136
416;404
1067;335
316;388
372;385
310;169
363;328
101;334
306;367
20;381
258;346
64;326
315;388
136;385
404;335
367;169
336;381
30;346
328;334
385;388
381;169
334;346
335;326
169;388
326;346
346;388
85;405
158;406
51;366
343;401
431;317
68;34
613;4
319;321
144;313
617;348
261;344
102;398
313;366
401;317
406;304
405;350
398;321
341;348
4;34
344;331
366;304
317;350
331;34
321;348
304;350
348;34
34;350
355;332
60;63
216;341
358;329
49;336
347;379
4;368
330;367
119;81
361;158
153;79
310;144
302;331
311;353
102;199
304;23
343;34
376;98
314;352
339;312
261;317
335;61
24;151
338;305
329;332
63;367
238;379
336;93
331;34
23;351
158;140
81;305
352;98
144;26
151;127
79;341
61;199
317;312
368;309
353;350
351;305
379;332
34;140
93;367
312;309
199;350
98;127
341;26
367;140
26;309
305;332
127;350
140;309
332;350
309;350
216;349
343;151
43;333
57;376
0;314
117;315
302;339
338;23
79;119
199;351
330;34
98;398
265;81
368;352
370;316
63;329
346;305
144;102
64;358
1068;310
61;336
60;332
320;341
312;311
398;351
349;314
376;34
127;352
309;102
238;119
333;339
336;26
310;81
151;30
140;315
311;93
341;329
23;332
358;305
316;350
314;102
315;339
93;351
332;26
329;30
305;350
352;81
34;119
102;26
339;30
119;81
351;350
81;26
30;350
350;26
398;64
4;313
87;302
438;319
613;355
51;407
68;314
151;370
85;408
352;321
261;333
334;192
57;314
407;64
313;355
370;321
408;102
302;43
0;319
192;333
64;314
355;102
319;333
43;321
102;314
333;321
314;321
368;372
359;409
260;367
347;410
326;361
216;24
1069;62
1070;403
144;348
1071;158
301;380
147;411
409;24
361;309
348;403
411;367
372;127
376;380
410;158
1072;62
127;403
158;62
380;367
24;309
403;62
367;309
62;309
1071;372
354;336
819;238
320;302
1073;144
326;366
365;339
1074;119
68;359
340;61
446;316
338;358
380;412
337;350
23;351
125;368
261;398
43;24
361;329
357;311
117;15
613;330
229;404
314;403
334;367
87;331
57;399
385;81
34;312
325;309
85;141
313;413
424;344
310;62
158;352
20;346
370;0
409;341
64;63
315;98
435;30
353;317
151;348
355;414
306;332
335;140
301;381
408;127
392;321
153;102
300;305
343;260
147;319
327;345
216;333
84;26
376;415
74;416
51;4
28;93
79;137
199;49
257;323
60;169
368;339
404;398
372;336
141;331
399;81
412;61
302;238
367;350
329;119
15;316
359;351
0;62
24;330
366;144
345;415
414;30
332;348
317;333
416;102
346;63
321;305
137;4
311;309
98;140
403;358
381;312
344;352
319;26
260;127
169;323
49;93
413;341
336;350
238;61
331;81
62;119
339;398
316;309
305;102
415;348
358;330
4;140
312;341
63;26
144;351
333;30
352;93
323;127
330;350
119;309
61;81
351;398
140;341
348;26
102;30
127;93
350;309
81;398
30;93
341;26
398;309
93;26
309;26
310;343
315;261
68;23
327;338
378;353
1052;229
356;301
636;311
1075;346
64;342
392;417
24;169
343;261
23;229
117;301
338;61
353;63
346;311
216;169
417;342
342;169
261;301
61;229
311;63
229;63
301;169
169;63
317;418
401;51
306;319
20;4
354;321
34;87
833;62
332;419
136;79
428;348
380;329
313;379
51;87
4;95
418;358
419;319
62;79
348;307
329;60
321;379
87;358
60;379
319;95
79;307
358;379
307;95
379;95
147;23
317;331
406;119
246;354
348;343
20;309
321;34
333;329
358;311
4;330
63;51
346;301
315;95
316;64
350;312
418;310
23;331
119;330
311;354
309;343
34;301
310;312
329;95
51;64
343;354
301;95
330;331
64;312
354;95
331;312
95;312
332;117
403;43
302;370
61;30
420;0
376;338
336;238
327;379
140;199
60;49
306;81
356;169
39;307
351;79
654;216
151;305
379;79
199;370
338;169
43;0
117;30
305;307
238;81
49;216
0;30
79;307
216;81
370;169
307;30
169;81
81;30
361;310
51;147
368;323
353;337
319;343
411;367
388;24
85;167
424;334
20;23
335;313
1067;261
367;310
61;334
313;147
23;24
337;216
167;144
261;336
343;323
310;334
323;336
147;216
24;144
334;336
144;216
216;336
380;302
64;87
117;306
151;420
316;57
43;39
300;158
62;199
364;246
338;333
320;4
197;403
87;398
302;332
341;246
333;4
420;403
199;306
57;158
39;305
403;246
306;398
332;4
305;158
398;246
158;4
246;4
199;317
340;30
375;320
353;34
354;358
424;0
303;117
257;421
147;137
367;95
440;319
337;342
20;68
369;24
312;338
391;379
401;127
327;381
636;64
318;306
238;43
1071;311
63;144
811;140
346;302
333;345
326;335
832;216
361;151
403;315
816;246
420;15
414;229
314;93
348;336
426;119
368;79
51;334
339;372
417;305
87;307
343;422
313;341
349;380
261;23
435;350
61;370
98;84
352;423
398;300
74;26
388;102
57;330
351;301
392;158
309;85
376;316
4;323
412;260
310;62
321;49
425;329
355;81
169;332
306;379
358;421
335;144
24;338
137;0
315;372
320;342
151;216
68;317
246;95
49;370
316;62
323;300
117;34
30;319
158;26
64;140
302;311
43;381
345;127
23;307
260;81
85;330
423;301
341;334
336;15
332;329
229;119
79;93
422;305
84;102
380;350
34;140
0;144
338;216
381;311
372;127
317;95
319;342
329;93
301;62
421;379
300;26
102;334
350;15
370;330
305;81
307;119
216;95
342;379
15;119
311;127
144;140
334;26
330;81
62;93
119;81
95;140
93;26
379;127
127;140
26;81
140;81
199;316
399;344
372;402
1076;394
349;61
260;368
87;390
361;84
416;328
412;306
359;363
1077;57
316;394
341;84
402;61
328;339
306;368
390;102
57;344
363;63
339;61
368;102
344;63
84;394
61;102
394;63
63;102
388;319
98;326
385;23
310;367
335;353
159;389
1078;348
318;334
329;321
147;315
320;366
378;404
348;326
334;398
352;367
315;319
366;23
321;404
389;308
336;353
308;23
367;319
353;404
326;398
23;319
404;398
319;398
345;354
133;392
435;424
395;356
1079;100
137;425
229;74
85;117
417;426
360;324
151;28
300;68
424;216
301;356
28;425
117;100
68;74
354;324
426;333
4;392
425;356
392;324
216;100
74;333
356;324
100;333
324;333
414;300
419;246
346;403
337;169
324;380
435;151
68;133
382;408
261;370
356;4
1080;20
417;85
380;304
246;151
20;4
300;127
133;301
370;85
169;403
408;307
85;301
4;127
304;151
307;403
301;127
403;151
151;127
405;415
371;399
416;388
24;361
412;389
147;427
87;326
23;428
372;316
368;79
335;429
48;430
361;388
308;316
399;331
429;79
389;428
312;326
102;415
430;427
79;316
427;415
428;326
388;331
415;316
326;331
331;316
352;199
344;341
336;365
348;431
57;418
51;339
314;320
367;61
62;328
398;144
321;98
329;63
394;315
34;310
317;306
359;309
61;328
431;341
418;365
144;199
63;320
98;310
315;339
306;309
328;365
341;199
309;320
339;310
365;199
320;310
199;310
359;158
405;399
368;87
24;367
1081;421
361;320
365;372
415;348
317;388
310;326
62;316
384;366
23;399
158;348
326;388
34;87
61;320
421;367
372;316
309;366
348;87
316;320
388;399
367;366
320;87
399;366
87;366
369;340
373;303
1082;381
382;380
68;416
1061;0
419;403
229;432
819;79
1083;433
640;257
117;434
381;336
380;340
79;403
257;303
416;216
433;93
0;432
434;102
303;336
340;102
216;403
432;93
403;102
336;93
93;102
325;414
337;356
353;346
342;39
20;408
313;261
424;302
1084;435
246;354
443;338
392;300
329;85
43;133
387;323
343;436
417;437
169;261
414;370
330;354
440;435
356;4
338;332
302;311
305;39
436;358
85;304
323;351
346;350
133;119
127;408
333;300
437;308
435;311
4;350
370;351
332;119
408;308
304;300
358;354
261;39
351;311
39;300
119;350
354;308
311;350
308;300
300;350
302;329
301;257
343;325
314;61
147;321
376;338
57;422
352;323
340;339
351;379
305;341
392;312
375;330
119;23
216;0
307;43
342;151
336;311
398;370
313;81
333;102
358;389
308;353
169;332
61;238
312;30
257;81
20;23
339;330
151;325
379;370
323;127
102;332
309;311
353;140
422;350
329;26
321;43
389;338
0;341
370;238
325;140
81;311
341;30
338;350
332;23
127;330
43;26
238;140
350;311
23;330
30;26
140;311
330;26
311;26
398;216
342;305
63;339
147;314
308;119
39;358
370;332
303;199
348;422
57;329
127;0
61;169
341;43
333;81
375;23
367;379
376;304
352;330
34;261
354;307
338;312
311;351
414;321
336;4
358;199
314;95
305;332
261;30
350;23
216;81
329;351
169;140
346;379
422;339
0;330
4;238
24;321
312;307
119;43
304;93
332;379
23;339
307;93
140;351
238;81
330;30
321;43
199;95
339;30
379;81
93;351
43;95
30;81
351;95
95;81
85;24
313;338
329;317
147;64
319;361
337;355
326;437
343;199
306;388
1085;399
346;380
323;378
49;316
321;412
246;260
1086;151
398;317
64;320
310;316
260;314
437;333
300;338
308;399
352;361
355;438
24;304
199;305
62;151
372;412
380;375
378;339
0;388
361;305
317;320
412;338
316;304
399;333
314;339
438;388
375;151
305;333
304;339
151;338
320;388
388;338
339;333
333;338
442;62
305;335
117;349
352;330
344;319
412;376
104;379
238;43
314;320
1087;439
435;39
331;440
422;127
315;310
79;61
4;380
336;367
387;361
308;169
51;312
0;64
424;403
389;332
151;140
246;392
353;338
73;311
316;354
87;333
313;309
133;93
57;26
337;304
199;326
408;158
356;317
343;63
100;147
318;414
261;30
136;355
346;339
398;49
1088;306
321;81
368;341
345;399
359;28
303;102
405;34
342;23
401;358
257;350
375;301
20;85
808;351
427;144
421;329
216;370
327;323
388;300
348;119
340;95
372;307
361;312
311;338
439;43
62;379
333;309
440;380
39;61
354;93
403;367
320;127
335;319
169;140
64;332
349;330
376;310
392;26
304;158
102;306
323;307
399;341
28;350
301;34
339;147
49;317
329;95
85;358
23;351
370;300
414;30
355;81
144;119
326;63
319;310
380;309
330;26
332;140
367;127
338;312
43;379
61;93
158;306
307;95
358;147
350;34
341;119
317;351
63;81
300;30
140;309
310;26
379;127
312;93
34;119
147;81
351;30
95;306
127;93
309;26
30;119
306;81
26;93
119;81
93;81
348;337
4;401
415;441
619;310
229;439
399;406
10;314
323;372
434;329
359;375
216;321
334;62
314;119
441;63
321;372
311;337
329;401
375;62
1071;406
439;310
337;372
63;62
310;119
401;406
372;62
119;406
406;62
353;366
315;43
1089;336
24;316
308;317
345;246
147;338
87;158
629;331
371;332
325;319
313;20
330;43
102;366
316;332
319;336
158;338
246;398
20;331
317;309
332;366
398;331
336;43
338;309
43;366
331;309
366;309
356;147
422;229
319;0
4;345
1090;380
444;389
372;392
353;301
144;442
355;158
85;346
419;316
442;229
392;147
216;346
304;389
316;301
158;380
345;102
310;0
301;102
0;380
346;147
389;229
380;102
147;229
102;229
24;136
367;323
354;340
750;403
64;352
325;332
334;324
246;342
614;388
647;39
343;300
425;61
136;352
311;323
332;340
312;403
324;336
342;300
351;39
388;61
352;323
336;300
403;340
39;61
300;323
61;340
323;340
312;79
0;330
64;321
314;305
392;367
444;346
199;316
144;61
4;375
355;238
376;310
352;93
147;308
85;398
372;102
331;350
238;367
316;305
79;375
330;93
398;321
308;102
61;310
350;346
321;102
375;93
367;305
346;310
102;93
305;310
93;310
216;379
320;329
304;332
23;443
343;119
333;366
341;338
354;63
348;370
336;169
380;43
30;317
388;311
340;307
62;300
301;140
329;119
366;338
443;379
43;332
169;317
300;311
370;140
307;63
317;332
379;338
311;119
140;63
332;338
63;119
119;338
348;169
4;320
376;314
333;330
370;301
308;331
336;321
23;380
341;0
144;311
62;398
379;342
43;312
307;422
216;64
1091;444
339;329
414;304
199;63
392;300
648;338
332;310
352;158
375;305
321;314
309;301
169;81
30;320
422;312
310;350
329;300
64;305
330;311
304;398
63;93
158;140
342;331
444;119
380;0
338;95
320;305
300;350
311;140
398;81
0;119
331;95
314;301
93;312
305;350
140;81
301;312
119;95
350;81
95;312
312;81
199;392
320;342
399;334
370;79
23;325
441;317
423;352
137;62
319;10
345;144
327;445
100;403
342;62
79;317
334;63
379;392
403;341
445;325
10;144
352;305
62;341
317;63
392;144
325;305
341;144
63;305
144;305
326;315
316;192
1092;216
87;337
336;432
158;353
346;313
4;329
411;367
366;64
308;307
400;323
315;337
329;432
192;330
398;216
323;64
353;375
367;338
307;313
432;216
375;64
337;338
313;330
64;216
338;330
216;330
24;354
348;416
380;304
447;306
301;61
358;355
388;246
390;15
261;422
300;34
415;446
257;332
306;311
416;376
354;304
446;355
246;102
61;34
422;127
332;15
304;102
34;311
376;15
355;127
102;311
127;15
15;311
326;380
332;30
398;394
151;261
301;447
388;64
348;338
306;317
320;314
375;95
199;62
147;331
216;367
376;15
169;311
23;350
30;261
394;380
64;338
314;311
367;331
447;350
317;95
15;62
380;261
331;350
62;95
311;338
350;261
338;95
261;95
389;321
352;312
354;308
310;140
379;17
370;119
323;61
403;127
34;358
336;102
345;309
10;0
333;144
341;305
421;330
238;158
102;321
17;140
358;312
330;119
305;61
308;158
0;309
127;144
321;158
309;119
312;140
144;61
158;119
61;140
119;140
306;310
314;336
375;330
23;34
333;331
439;216
398;147
300;79
332;63
28;370
339;338
169;61
323;158
329;321
358;62
10;379
301;330
311;336
147;81
34;30
158;127
216;119
370;350
331;238
63;376
310;140
61;346
79;341
321;102
379;95
62;309
338;312
238;30
127;330
336;81
341;350
346;376
312;309
102;95
140;119
350;330
376;309
30;81
119;95
309;330
95;81
81;330
