354;8
479;32
255;7
53;463
119;152
577;199
205;447
158;102
136;716
115;458
232;377
724;62
618;466
142;76
129;14
343;127
7;466
8;152
377;102
127;199
62;32
458;463
14;716
447;76
199;466
152;102
32;76
463;716
466;102
716;76
102;76
0;180
157;213
191;155
114;89
104;47
172;55
302;58
44;79
810;70
215;12
73;336
27;493
347;470
162;13
12;47
89;155
180;336
70;55
470;58
13;493
213;416
79;17
58;155
47;416
336;17
493;55
17;55
416;155
155;55
465;657
126;64
542;117
39;332
605;652
98;120
18;433
326;805
383;353
182;134
811;50
448;348
625;4
330;443
570;234
331;26
433;4
443;652
332;117
120;134
64;657
353;234
805;26
348;50
657;134
652;26
50;4
234;117
117;4
134;26
4;26
114;41
332;493
377;213
398;74
70;258
724;447
383;32
810;481
331;117
326;115
104;62
64;134
23;152
462;466
663;652
448;4
62;32
115;481
258;466
447;493
41;213
652;152
4;74
134;117
213;32
74;466
481;493
117;152
493;32
152;466
466;32
180;73
89;27
347;15
172;78
85;157
0;54
44;342
102;119
47;120
354;26
127;53
438;12
33;330
162;136
330;76
15;12
120;26
78;27
54;157
119;58
73;53
136;342
157;76
12;27
342;26
53;58
26;76
58;27
27;76
160;127
221;450
215;63
153;26
74;377
8;41
255;115
119;87
353;162
810;76
14;70
124;78
326;152
195;577
258;4
199;54
101;733
348;0
812;136
205;398
347;718
433;58
5;50
331;622
462;27
463;191
605;458
461;276
47;98
466;336
33;342
126;51
477;32
104;53
217;134
210;18
85;330
79;73
724;64
139;15
12;114
269;172
23;89
383;157
117;17
354;453
39;55
62;657
366;44
663;652
158;465
625;457
141;332
447;493
448;372
481;464
438;7
302;120
111;94
13;472
142;490
155;416
180;716
213;102
398;76
27;622
4;152
191;58
377;127
41;26
0;342
276;78
718;50
162;136
336;458
733;54
450;115
98;51
577;63
70;87
94;157
657;120
172;32
134;15
7;17
453;114
465;55
472;716
490;102
464;416
64;53
18;330
457;73
44;652
372;493
89;332
136;127
342;58
50;78
458;76
54;51
115;26
622;152
87;63
716;17
114;53
102;15
157;32
120;55
416;73
332;493
330;652
58;78
152;63
127;26
51;76
73;53
32;17
652;493
15;55
76;26
78;63
53;17
55;493
63;26
493;17
26;17
180;466
5;4
8;354
117;114
74;348
13;70
127;372
447;157
155;102
0;463
104;44
45;158
157;466
354;50
348;89
27;463
4;114
70;44
158;12
102;372
44;463
114;12
50;466
89;372
463;12
372;466
12;466
657;802
64;14
398;210
353;111
577;343
94;15
341;115
139;282
29;79
448;458
33;472
258;330
18;326
51;120
7;32
215;47
802;14
458;343
210;79
472;15
282;115
111;32
330;120
47;326
14;79
343;115
120;326
32;15
326;79
115;15
79;15
453;466
5;464
136;282
595;477
385;73
41;447
0;51
341;53
541;115
7;44
625;85
403;64
160;354
695;180
114;78
172;4
54;117
74;377
23;50
102;157
302;493
406;448
332;47
15;91
477;63
464;55
58;466
44;354
448;12
282;76
493;4
64;85
447;51
377;17
157;180
91;47
78;89
115;73
117;162
50;53
51;76
466;73
47;12
354;17
53;162
4;63
85;89
180;55
162;63
12;17
89;55
73;76
76;17
63;55
55;17
29;331
433;70
129;111
326;662
720;448
82;104
733;605
8;614
205;663
6;669
298;23
689;724
807;101
210;28
685;113
805;54
448;331
111;663
70;669
28;724
614;605
23;662
113;54
104;101
663;662
331;669
605;54
724;101
669;662
101;54
662;54
493;115
4;50
172;64
155;51
332;453
27;85
127;12
47;89
180;136
44;73
53;157
78;162
453;76
114;85
136;73
64;162
58;157
51;89
55;50
115;12
162;157
85;12
50;73
76;89
157;12
73;89
12;89
119;458
215;126
276;158
336;481
258;255
18;152
465;716
697;416
490;13
657;14
199;645
813;348
814;372
342;79
191;389
141;625
481;158
255;716
389;348
416;152
625;458
13;14
126;79
645;372
152;158
372;79
458;348
716;14
348;14
158;79
79;14
379;398
298;463
28;104
733;685
728;153
8;663
293;377
618;23
605;12
331;383
807;479
82;70
210;170
805;276
199;101
111;114
479;12
153;23
398;383
170;463
663;104
377;101
276;114
685;70
23;114
104;70
101;383
463;12
383;114
70;12
114;12
684;490
703;657
62;126
815;258
18;614
5;117
326;720
243;477
669;29
182;372
622;448
339;465
366;87
152;215
816;451
330;158
657;490
258;448
477;215
29;372
451;126
614;117
720;158
465;87
126;372
448;117
490;215
158;87
372;117
87;215
215;117
33;438
389;192
457;341
224;577
261;7
347;472
450;351
817;443
353;94
160;155
542;232
818;462
271;120
819;220
73;491
356;64
577;438
232;120
443;341
7;472
351;462
94;155
491;192
220;64
472;120
192;438
462;155
64;341
120;438
155;341
341;438
448;199
481;447
139;383
136;336
372;258
60;806
331;41
625;53
153;724
14;18
33;5
618;104
120;416
215;697
28;23
74;354
191;428
433;117
458;398
119;330
332;13
470;70
205;180
657;463
341;716
8;366
276;47
377;158
124;346
195;348
652;465
141;342
41;89
155;199
62;416
336;157
104;12
5;115
354;15
447;27
383;114
54;53
258;50
18;4
23;63
0;806
697;76
172;724
342;162
64;716
366;102
346;134
398;58
13;127
78;465
117;152
348;85
44;158
330;32
428;51
70;73
47;17
463;466
493;180
199;12
27;4
806;15
114;63
157;724
115;76
416;89
53;50
102;58
158;465
127;85
134;162
32;73
51;466
152;17
716;180
50;12
4;89
724;63
76;15
180;17
466;162
465;58
85;73
89;15
12;63
162;58
17;73
58;73
15;63
73;63
336;379
458;120
416;64
14;398
145;372
199;28
13;134
302;463
258;330
652;335
117;716
205;377
74;47
439;465
195;348
126;41
104;53
79;447
657;180
191;438
806;158
625;645
461;332
346;5
18;479
8;383
490;23
62;136
453;457
561;342
437;354
470;341
463;26
64;76
127;379
134;89
348;152
41;493
102;120
155;465
28;55
372;27
438;73
466;158
44;377
50;335
398;172
330;87
457;32
354;157
716;114
342;481
78;53
5;4
23;58
0;447
383;115
332;70
136;85
341;15
479;63
180;51
645;54
47;12
172;26
335;379
158;76
73;465
89;152
87;493
377;27
120;55
481;70
85;54
58;115
15;4
32;63
114;157
53;51
447;12
465;26
379;152
27;55
493;76
70;157
51;12
115;54
4;63
26;55
152;76
12;63
157;54
54;63
76;55
63;55
29;115
716;41
126;111
331;461
625;470
282;341
372;806
354;172
669;348
694;479
0;618
23;383
465;570
258;477
205;5
428;335
302;79
47;14
62;139
141;54
377;366
605;342
453;127
685;332
114;348
461;55
111;172
5;115
466;570
493;341
41;127
618;342
332;479
79;806
383;73
14;162
139;335
366;44
477;54
470;87
335;73
570;54
127;348
162;479
172;87
341;342
115;44
806;55
342;87
479;54
44;55
73;348
87;55
348;54
54;55
697;180
7;119
330;117
510;448
622;102
490;120
805;457
215;481
160;688
464;614
807;36
326;155
50;255
728;15
817;51
677;58
614;155
119;120
457;180
102;117
51;448
255;481
688;15
36;58
448;117
120;58
481;155
180;15
117;155
15;58
58;155
433;195
450;4
663;438
75;657
332;104
724;463
70;514
718;331
111;398
74;18
490;83
820;48
127;60
79;605
577;89
625;157
514;195
4;83
104;657
48;438
463;157
398;605
60;18
331;89
438;157
83;657
195;89
18;605
657;157
605;89
89;157
205;663
115;258
448;463
438;74
794;101
821;383
264;70
605;372
577;104
685;331
326;447
5;48
47;215
111;453
195;23
126;28
663;258
101;70
48;331
74;104
453;372
215;383
28;463
447;23
463;104
383;331
372;258
70;23
258;23
331;104
104;23
32;366
661;85
335;51
694;79
78;155
73;114
466;44
157;62
657;89
152;127
102;341
162;54
366;26
114;62
155;58
127;89
85;51
44;63
54;79
12;341
62;58
51;63
79;341
89;26
58;63
341;26
26;63
733;32
172;53
302;102
332;120
14;114
5;115
50;134
13;119
0;117
18;155
463;377
372;48
9;685
104;23
127;470
27;180
115;48
102;114
134;377
119;53
117;32
685;155
23;470
180;120
53;377
32;155
470;114
120;48
377;155
48;114
114;155
652;127
463;70
13;79
493;47
466;152
158;332
180;12
447;104
73;62
32;50
348;5
416;27
64;58
28;48
74;76
453;55
23;663
102;89
120;115
341;51
54;258
26;342
461;85
44;78
4;15
136;53
157;172
162;114
383;372
134;354
346;63
155;17
70;58
115;12
76;332
663;50
152;62
104;55
27;79
342;5
85;53
258;51
354;63
127;172
114;48
17;78
372;15
89;47
53;58
332;51
79;63
62;5
15;55
47;48
50;78
172;12
5;55
48;63
78;12
58;51
12;55
51;63
63;55
115;120
806;79
117;134
70;694
78;141
111;465
87;332
64;162
74;54
53;447
23;463
625;127
73;652
5;15
416;172
32;157
372;27
101;354
158;136
51;180
152;102
28;493
85;114
155;377
79;89
76;447
332;55
694;157
141;27
136;26
172;15
354;12
652;54
134;162
102;104
463;493
465;63
377;114
180;120
127;17
26;54
15;12
104;114
157;447
27;55
120;17
89;162
493;63
63;12
114;55
54;447
162;17
447;55
12;17
17;55
205;41
416;490
652;172
348;181
27;48
74;493
489;453
158;220
13;134
255;127
806;136
102;716
141;377
342;152
490;48
41;134
220;493
73;136
181;172
127;377
152;716
453;157
493;134
136;377
172;48
157;716
377;134
716;48
134;48
465;191
105;199
0;45
50;461
383;479
354;481
215;440
75;588
477;302
14;117
438;577
111;70
433;28
389;258
47;663
657;64
481;191
461;479
588;258
117;302
663;28
64;577
45;199
440;70
302;479
258;70
199;191
577;28
479;70
28;191
191;70
215;105
195;51
625;155
205;12
120;453
457;806
302;55
261;477
85;470
388;588
389;45
331;661
13;79
618;119
463;115
87;180
276;157
127;186
5;26
117;199
18;76
447;114
104;341
605;139
567;663
377;433
366;172
258;111
0;141
146;652
332;73
354;490
577;342
466;58
8;158
718;136
78;53
438;465
101;493
74;479
29;662
126;23
64;63
28;152
41;50
330;162
450;113
47;54
255;62
733;70
481;372
398;383
416;27
181;14
191;462
326;15
44;716
9;89
461;134
102;514
32;17
458;348
198;657
4;48
806;76
180;661
490;58
433;172
158;53
588;114
73;652
119;157
155;105
199;115
186;45
663;79
477;55
453;12
342;470
111;51
372;162
62;662
141;136
27;14
465;54
26;341
139;493
514;716
657;17
134;89
383;70
113;50
462;15
479;63
152;23
48;348
115;55
79;12
172;58
470;114
45;51
105;157
652;53
661;76
70;17
14;493
662;341
136;63
50;23
348;15
89;716
162;54
58;53
157;55
114;12
51;76
23;17
341;15
493;63
716;54
76;12
53;55
54;63
15;17
17;63
12;55
63;55
733;718
64;716
141;379
481;74
182;441
416;342
438;366
120;489
255;450
479;652
105;111
330;36
461;457
178;158
433;14
448;695
215;625
736;372
453;102
490;697
33;47
356;436
126;458
302;23
718;466
0;441
716;342
180;457
74;115
625;652
489;697
458;36
436;372
332;47
111;158
102;366
78;14
450;79
695;23
379;152
466;342
372;47
697;457
14;23
36;441
652;115
152;158
366;79
115;457
342;158
23;47
79;441
158;457
441;47
457;47
113;104
153;44
669;663
326;657
8;70
570;331
605;127
661;101
608;805
13;335
261;199
210;119
559;685
618;447
4;269
205;54
663;44
331;104
70;119
127;335
685;447
199;54
805;269
101;657
119;447
269;44
657;335
104;54
54;335
44;447
335;447
51;32
28;50
354;102
172;458
652;15
4;44
115;58
0;73
436;64
450;181
117;89
70;26
85;162
215;78
261;332
76;716
50;26
162;44
64;716
181;15
89;102
332;73
458;32
58;78
44;716
26;32
78;73
15;102
73;716
102;32
716;32
463;5
41;180
383;179
625;481
668;398
453;348
199;114
104;27
120;13
657;447
372;74
466;465
205;158
48;157
47;416
23;152
13;114
398;74
158;180
348;416
481;465
179;152
5;27
157;447
74;114
27;465
416;447
180;152
114;447
465;152
152;447
724;416
181;28
139;70
12;470
191;101
45;51
481;44
577;383
172;807
119;479
102;718
733;17
13;366
348;115
735;461
509;64
104;114
436;54
372;63
141;124
463;62
685;73
293;354
255;89
457;105
199;78
379;652
716;493
8;335
182;465
453;152
433;50
488;330
136;477
179;26
117;466
205;215
514;162
458;342
41;447
331;55
5;134
127;113
120;14
0;605
450;490
83;27
806;180
15;332
377;441
258;157
341;58
398;663
736;48
448;111
326;657
155;74
302;195
85;438
158;146
625;32
6;76
23;79
47;4
383;470
366;114
64;70
17;28
51;479
44;101
416;807
73;105
465;78
335;493
63;124
652;152
62;89
354;50
54;718
115;461
32;79
605;330
447;26
466;342
438;195
215;162
663;27
657;4
477;55
490;157
146;74
134;14
111;76
113;332
180;441
58;48
70;28
718;152
479;114
461;50
124;101
78;89
105;493
27;157
14;332
807;470
342;76
195;74
162;79
441;48
4;26
330;55
114;89
28;152
332;48
55;79
157;26
470;493
74;76
101;50
48;79
26;76
493;50
89;152
152;50
76;79
79;50
724;199
403;657
326;663
198;808
153;447
822;195
823;18
531;302
821;258
70;625
489;6
192;605
436;445
431;448
44;776
191;657
199;6
663;448
808;447
195;258
776;445
302;18
625;605
445;258
657;6
448;447
18;605
258;6
605;447
6;447
111;383
477;151
805;12
807;269
824;685
450;146
398;92
113;366
339;5
438;661
669;101
28;4
719;157
346;104
543;694
733;372
366;383
5;661
151;92
146;12
694;104
372;685
101;4
269;157
92;685
661;4
104;157
383;12
685;157
4;12
12;157
776;101
663;205
488;398
825;466
664;721
403;685
463;546
7;625
821;433
18;657
514;258
826;331
733;605
614;192
335;195
827;6
605;101
466;721
546;625
331;657
685;205
398;6
258;433
195;192
657;101
205;6
192;433
721;625
101;6
433;625
625;6
13;199
5;104
383;45
113;28
36;174
805;111
661;669
468;302
477;346
730;416
576;326
724;587
350;4
153;55
74;615
495;447
174;4
346;45
326;199
669;104
416;587
447;28
302;55
615;111
587;4
45;28
111;199
104;55
28;199
4;55
199;55
179;605
438;403
739;457
464;541
828;18
718;450
829;559
805;440
302;694
830;809
831;331
325;652
625;258
7;484
431;433
269;119
809;457
331;605
652;541
559;403
450;440
694;433
258;18
484;119
403;18
457;433
541;440
119;605
605;433
440;18
18;433
127;41
806;23
120;115
379;348
158;342
463;474
36;0
124;172
117;255
14;160
102;47
354;180
162;41
0;172
255;115
23;76
348;27
474;716
47;180
342;160
41;115
180;27
160;716
172;76
115;27
716;76
76;27
172;162
28;23
53;45
806;54
470;341
717;114
561;255
14;180
127;153
120;332
0;47
27;51
332;89
341;157
23;17
153;162
114;45
54;180
47;76
255;51
89;45
157;51
76;162
180;17
51;17
45;162
17;162
354;158
832;662
463;490
570;335
493;215
282;141
833;458
348;466
536;58
428;117
102;70
416;115
302;477
124;342
479;78
139;441
466;335
215;662
458;70
441;115
477;78
141;58
490;158
342;117
662;335
115;70
117;78
58;158
78;158
70;335
335;158
136;466
180;28
132;115
490;27
341;102
441;463
127;157
120;172
44;4
372;493
602;155
32;70
64;51
195;15
53;481
282;78
302;54
346;158
129;298
258;23
87;152
716;114
72;479
567;162
58;27
102;76
466;493
155;26
15;70
172;158
481;50
78;157
298;54
4;12
463;152
28;51
23;55
73;115
479;89
114;162
70;12
493;76
51;26
50;158
152;55
54;115
157;27
162;89
12;76
27;26
89;115
158;55
26;115
76;55
115;55
4;481
64;447
372;139
53;162
195;493
302;15
114;14
101;58
13;72
470;479
341;157
490;87
44;466
47;335
28;172
155;716
27;269
127;158
657;78
51;70
152;32
134;73
102;117
79;54
139;17
63;493
269;12
335;157
716;162
479;55
14;89
15;466
72;58
87;32
70;158
78;54
117;73
172;76
50;447
481;26
158;17
12;157
493;54
58;26
32;76
89;73
162;447
466;55
76;26
157;54
447;55
73;17
26;55
54;17
55;17
372;79
47;447
115;155
157;114
120;32
27;4
652;127
145;78
514;493
433;101
64;470
348;441
134;73
657;89
58;32
470;4
79;155
114;447
12;78
101;73
441;89
127;493
155;89
78;447
32;4
493;73
4;89
73;447
89;447
105;13
481;114
41;26
158;192
104;332
14;663
431;255
139;48
383;76
588;477
724;716
152;87
160;79
348;514
298;115
45;155
215;62
331;493
398;180
330;662
685;462
463;136
5;372
605;356
470;72
269;78
117;119
438;479
111;341
342;54
191;58
23;55
448;157
490;461
4;64
102;15
416;44
302;51
7;124
657;32
335;652
577;89
172;346
127;354
733;70
33;379
443;73
618;101
474;28
85;567
697;47
366;424
27;433
347;12
818;258
199;466
113;457
162;645
74;441
718;145
806;53
458;447
6;134
661;17
663;76
255;114
462;155
13;26
87;136
477;332
372;716
180;493
479;58
514;48
433;354
134;53
341;78
115;356
662;79
44;157
192;62
72;54
12;28
379;70
32;101
119;55
346;51
457;447
652;89
466;441
424;567
124;15
145;17
64;461
258;73
645;47
155;76
332;26
79;78
356;54
716;493
48;58
136;114
62;55
15;447
53;28
89;441
354;51
70;17
567;47
73;461
101;157
58;114
493;55
76;78
54;26
461;157
441;47
447;28
51;17
78;26
114;55
157;28
47;17
28;17
26;55
17;55
0;354
806;14
697;379
145;477
355;153
124;202
152;269
302;44
7;146
298;366
129;341
461;481
141;372
191;195
282;625
13;479
477;354
202;269
146;14
341;379
366;44
625;481
153;479
195;372
379;14
269;354
481;44
372;479
354;14
479;44
14;44
448;6
215;331
484;593
807;695
414;605
416;694
210;398
356;652
179;41
680;457
809;567
62;718
543;119
325;105
834;663
125;577
105;6
567;119
398;663
718;331
695;605
457;41
577;652
593;694
605;41
6;663
694;331
119;652
663;652
331;41
41;652
662;64
258;139
105;119
215;220
695;470
199;438
587;436
115;652
416;6
180;718
688;332
472;542
41;70
62;136
172;448
18;134
64;220
652;139
119;470
448;136
718;6
438;70
134;436
542;332
470;139
70;6
436;220
332;136
136;139
6;220
139;220
577;127
104;45
383;160
320;346
433;476
464;318
5;155
189;398
335;23
458;330
593;657
835;15
694;541
4;641
605;76
331;685
346;476
127;398
45;23
657;160
318;155
541;641
685;76
15;330
160;76
641;476
330;23
398;155
476;76
23;155
155;76
464;468
127;115
356;433
4;663
269;44
466;87
146;152
662;53
180;27
348;493
70;162
372;33
657;51
470;479
172;577
332;120
47;28
282;330
23;145
593;134
64;158
114;342
32;335
155;447
468;89
157;44
663;58
493;479
33;27
577;115
12;53
433;51
134;342
120;54
152;158
28;73
330;162
145;76
335;447
17;87
158;73
54;479
447;87
162;44
27;76
51;58
342;89
115;53
479;87
44;73
53;89
76;58
87;89
73;58
58;89
145;493
372;114
70;23
458;172
433;157
657;117
152;12
447;180
127;48
348;76
162;44
27;342
47;26
4;332
466;481
32;55
383;577
136;15
258;79
155;54
115;652
158;479
28;51
298;119
134;220
17;335
64;53
470;269
577;12
48;44
23;55
481;114
87;79
220;157
180;15
117;73
479;493
172;89
332;58
652;26
119;54
53;335
51;269
342;76
12;89
79;26
114;54
15;55
335;44
157;58
269;76
493;73
44;54
26;89
73;55
58;76
89;54
76;55
54;55
466;433
438;23
4;348
657;27
457;152
450;114
127;461
398;391
102;51
6;335
431;543
115;192
158;493
47;101
190;605
117;58
433;114
461;152
23;51
391;27
543;192
101;348
335;493
605;58
152;114
493;348
192;58
27;51
114;58
348;51
51;58
477;356
458;470
199;162
172;479
383;577
481;468
120;472
514;342
5;220
28;139
105;269
258;79
298;136
332;330
64;146
145;372
472;479
139;146
468;162
79;269
470;356
220;342
330;577
372;136
146;479
136;342
577;162
269;356
342;162
356;479
479;162
134;44
458;102
605;117
23;652
74;657
466;348
349;64
152;391
104;438
77;493
398;6
331;73
457;79
153;101
372;608
479;335
64;652
102;391
44;657
438;348
6;493
335;101
608;79
117;73
391;657
493;348
652;73
101;79
348;657
79;73
657;73
433;70
172;72
416;53
477;155
160;114
336;158
445;4
27;718
119;13
174;47
62;32
48;162
13;53
114;72
15;155
32;157
70;162
4;51
718;47
158;447
51;162
157;53
72;447
47;155
53;162
155;447
162;447
12;17
58;55
76;89
12;26
17;54
76;55
54;26
76;58
89;55
17;26
58;89
54;12
89;26
54;55
26;55
74;51
15;70
155;447
32;162
70;447
433;155
162;51
74;32
433;447
51;32
70;155
74;162
51;447
155;162
162;447
